# Omega fit to each site after fixing tree and and all other parameters.
# Not using '--omegabysite_fixsyn', so we fit a synonymous rate for each site. This means we compare fitting omega and a synonymous rate to fitting just a synonymous rate.
# Fits compared to null model of omega = 1.000; P-values NOT corrected for multiple testing.
#
# site	omega	P	dLnL
21	0.001	3.85e-07	12.884
41	0.001	2e-05	9.095
83	0.001	2.51e-05	8.879
95	0.001	2.57e-05	8.855
1	0.001	4.87e-05	8.248
81	0.001	5.44e-05	8.144
5	0.001	5.77e-05	8.089
35	0.001	6.48e-05	7.979
20	0.020	8.46e-05	7.727
56	0.001	9.22e-05	7.645
67	0.001	9.73e-05	7.594
84	0.027	0.000196	6.933
32	0.027	0.000293	6.557
7	0.033	0.000417	6.227
28	0.001	0.000755	5.674
19	0.001	0.000768	5.658
60	0.035	0.000906	5.505
6	0.059	0.0012	5.249
12	0.076	0.00143	5.083
9	0.001	0.00165	4.954
46	0.001	0.00196	4.795
30	0.001	0.00199	4.778
22	0.001	0.00229	4.652
87	0.001	0.00236	4.623
85	0.001	0.00241	4.604
37	0.001	0.00261	4.531
58	0.071	0.00331	4.314
65	0.001	0.00358	4.243
92	0.001	0.00418	4.102
89	0.001	0.00424	4.089
18	0.092	0.00443	4.049
75	0.097	0.00466	4.004
2	0.187	0.00599	3.776
86	0.001	0.008	3.517
17	0.113	0.008	3.516
50	0.001	0.00831	3.483
78	0.001	0.0125	3.118
26	0.001	0.0143	3.003
27	0.099	0.0143	2.999
23	0.001	0.0154	2.937
34	0.001	0.0161	2.897
53	0.001	0.0174	2.829
8	0.106	0.0184	2.779
10	0.210	0.0205	2.684
79	0.001	0.0217	2.637
42	0.001	0.0232	2.576
33	0.001	0.0238	2.555
14	0.232	0.0267	2.456
70	0.001	0.0324	2.290
49	0.001	0.0324	2.289
3	0.192	0.035	2.222
38	0.001	0.0374	2.166
39	0.001	0.04	2.109
43	0.080	0.0416	2.076
11	0.185	0.0434	2.040
62	0.001	0.0482	1.951
59	0.137	0.0649	1.704
63	0.001	0.07	1.641
44	0.001	0.0736	1.600
24	0.001	0.0819	1.513
61	0.184	0.0864	1.470
76	0.001	0.108	1.294
47	0.001	0.109	1.282
25	0.001	0.116	1.235
66	0.001	0.122	1.193
99	0.300	0.128	1.158
69	0.001	0.156	1.004
91	0.001	0.159	0.991
51	99.000	0.165	0.966
94	0.001	0.172	0.934
57	0.236	0.186	0.876
72	3.740	0.186	0.874
90	0.001	0.19	0.859
45	0.204	0.19	0.857
77	0.001	0.201	0.817
98	0.472	0.232	0.714
80	0.001	0.26	0.636
31	99.000	0.263	0.626
4	3.061	0.281	0.580
13	0.542	0.334	0.467
36	0.376	0.386	0.376
15	0.413	0.395	0.361
68	0.001	0.409	0.340
96	0.001	0.437	0.302
74	0.377	0.47	0.261
64	0.001	0.472	0.258
16	0.496	0.482	0.247
73	0.001	0.505	0.222
52	0.466	0.546	0.182
48	0.001	0.554	0.175
71	0.540	0.596	0.141
100	0.772	0.719	0.065
88	1.316	0.758	0.047
101	1.064	0.933	0.004
97	1.066	0.943	0.003
82	1.675	1	0.000
40	0.302	1	0.000
54	2.202	1	0.000
93	2.041	1	0.000
55	2.033	1	0.000
29	0.513	1	0.000