# POSITION WT RMS_dPI dPI_A dPI_C dPI_D dPI_E dPI_F dPI_G dPI_H dPI_I dPI_K dPI_L dPI_M dPI_N dPI_P dPI_Q dPI_R dPI_S dPI_T dPI_V dPI_W dPI_Y
1 ? 0.162632 -0.0452852 0.0487513 0.69495 -0.0302657 0.0180276 -0.0447941 -0.0130571 -0.0395546 -0.0614054 -0.0535015 -0.0885185 -0.0502207 -0.0448437 -0.0357158 -0.0570481 -0.0542446 -0.0671033 -0.0491811 0.0243021 -0.051292
2 ? 0.14255 -0.0591941 -0.045886 -0.00587959 -0.0353892 0.607926 -0.0508195 0.000470423 -0.0571353 0.0248556 -0.0525155 0.0347817 -0.0326092 -0.054084 -0.0447539 -0.0618927 -0.0405014 -0.0527773 -0.0517257 0.0226522 -0.0455222
3 ? 0.214417 -0.0481052 -0.0016756 -0.155332 -0.0450852 0.916734 -0.0975779 -0.108771 -0.0927443 -0.00662431 -0.0189238 -0.00711705 -0.0615759 -0.0178234 -0.0422588 -0.0561655 -0.0992898 -0.00261512 -0.0266789 -0.00477193 -0.0235981
4 ? 0.0311397 -0.00927072 0.00164748 -0.000359849 0.0666747 0.00161345 -0.00270185 -0.0256092 -0.00247167 0.00454143 -0.0206379 -0.00721764 -0.000834192 0.00142243 -0.0095008 -0.0749837 -0.0101851 0.088501 -0.00489553 0.00355806 0.000709527
5 ? 0.0560301 -0.0185828 1.40722e-06 -0.0241928 0.239006 -0.00253885 -0.044115 -0.0061468 1.40697e-06 -0.0300985 -0.0204334 0.000207733 -0.00511956 -0.00861269 -0.0114491 -0.0160718 -0.01368 -0.0116028 -0.0245312 0.000395686 -0.00243671
6 ? 0.0259873 0.0622739 0.00971876 0.00588874 -0.021761 0.00937922 -0.0150451 0.00880746 -0.00627146 -0.00146467 -0.00717857 0.0100583 0.00173696 -0.0106559 0.00819834 -0.00942447 -0.0524083 0.0468883 -0.0552873 0.0120611 0.0044856
7 ? 0.0333119 -0.00428149 0.00647045 4.08161e-05 -0.0110372 0.00794898 -0.00548671 0.00728766 -0.00508373 0.0948675 -0.0324115 -5.50225e-07 0.0528972 -9.39029e-05 -0.00393859 -0.0916483 -0.0114185 -0.0168871 -0.00305053 0.0115101 0.00431535
8 ? 0.0146606 -0.0115787 -0.00107433 0.00125608 0.00114367 -0.0019061 -0.00172339 -0.0113318 -0.00303208 -0.000424076 -0.0201385 0.00082098 -0.00181186 0.0533118 -0.00292884 -0.0152105 0.0213246 -0.00734317 0.00208023 0.00158211 -0.00301621
9 ? 0.0280411 -0.00725773 -6.89157e-05 0.00234075 0.00126534 -0.0111971 0.00211624 0.00235676 0.000293095 5.26042e-05 -0.0450613 0.00385381 0.00110287 -0.0428693 0.00164545 -0.00210096 0.106722 -0.0149185 0.00077739 0.00409353 -0.00314573
10 ? 0.0341891 0.0362917 -0.0377101 -0.00207942 -0.00375769 0.0242375 0.0396093 0.0208428 -0.0162395 0.0189379 -0.0711455 0.0290912 0.0266986 -0.0498635 0.0220681 -0.050834 -0.0111473 0.0251157 -0.0543866 0.0317853 0.0224855
11 ? 0.0275424 -0.0051235 0.0143519 0.0500203 0.0504799 -0.0068907 -0.0509039 0.0351631 -6.4419e-05 -0.00985299 -0.0198939 0.0180468 -0.00303374 -0.0117425 0.0321731 -0.0601389 0.00214939 -0.0135587 -0.0107756 -0.000845487 -0.00956023
12 ? 0.0289798 -0.00719822 0.0118575 0.0716163 -0.0289145 0.0135073 0.0189941 0.00740265 0.0135156 0.012114 -0.0418654 9.68493e-07 -0.0167682 0.0483256 0.00838955 -0.0293047 -0.00887478 -5.69425e-05 -0.0654309 9.68492e-07 -0.00731099
13 ? 0.0299993 -0.0159892 -0.0124955 0.0166508 0.059473 -0.00373494 0.00174823 -0.00535613 0.00518806 0.0211075 -0.00698146 -0.0168159 0.0134911 -0.0337169 0.0185832 -0.0785608 0.0157455 -0.0127071 0.0510256 -0.0394382 0.0227831
14 ? 0.0345456 -0.0179251 0.0123204 0.000850183 0.0758275 0.0176191 0.00416018 0.0133067 0.00427712 0.0477121 -0.0646892 0.022491 0.0119588 9.69224e-07 0.0114043 -0.0530868 -0.0222204 -0.0109666 -0.0782936 0.0128945 0.0123588
15 ? 0.0542961 -0.0188553 0.00739783 0.0293564 0.0267029 0.00786697 -0.0789906 -0.00453205 -0.0107445 0.214155 -0.0433329 -0.000416763 -0.0138164 -0.00324571 -0.0103435 -0.0204588 -0.0332111 -0.00232752 -0.0232903 -0.00145942 -0.0204547
16 ? 0.0211437 -0.00240275 0.00107963 0.067874 -0.0181684 0.000956792 -0.00384555 0.000350137 -0.00529158 0.0370646 -0.00677367 -0.00880325 -0.0153894 -0.00148554 -0.0362653 0.0203708 -0.00736533 -0.0203358 -0.00358222 0.00248133 -0.000468449
17 ? 0.0247144 -0.0145468 -0.0230372 0.00528689 0.0316961 0.0104859 -0.0241683 0.00581676 -0.022409 0.0227272 -0.0347116 0.0794787 -0.0112096 -0.00810663 -0.00268524 0.00252436 -0.00943522 -0.0213438 -0.0106572 0.0148464 0.00944824
18 ? 0.0288981 -0.052225 -0.00268069 0.0698491 0.0289655 0.0149494 0.0181861 0.0074564 0.00380544 0.0267207 -0.031507 0.0206936 -0.0072056 -0.000373627 0.00229406 -0.0495335 -0.00719887 -0.0238618 -0.0437245 0.020568 0.00482229
19 ? 0.0370145 -0.0117917 -0.00136192 -0.00215832 -0.0335062 -0.000521473 0.152604 -0.00150031 -0.00491773 -0.00521227 -0.00581144 1.75503e-05 -0.00374001 -0.00148378 -0.00235577 -0.0498622 -0.00843602 -0.0039241 -0.0125097 -0.00134516 -0.00218348
20 ? 0.0704051 -0.0389191 -0.00342678 0.0443134 0.274021 0.00996748 -0.0827814 0.0020974 0.000955503 -0.0782582 -0.0527043 0.0154952 0.00103057 -0.0197673 -0.00182652 -0.0239984 -0.012438 1.69062e-06 -0.0554749 0.0141253 0.00758761
21 ? 0.133542 -0.0183504 -0.101078 -0.00686382 -0.00613187 -0.0159338 -0.0157239 -0.0457493 -0.0423813 -0.00979949 -0.0288129 0.0119036 -0.0382959 -0.0379213 -0.00381532 -0.0382161 -0.0711604 -0.0823987 -0.0293242 0.0114157 0.568638
22 ? 0.0117174 -0.000123276 0.00381752 8.93806e-07 8.93806e-07 -0.00508262 0.0033084 0.0039218 0.043569 -7.4748e-05 -0.0115778 0.000377837 7.47498e-07 0.00403874 -0.000260509 -0.000487699 -0.0170293 -0.00759647 -0.0168052 8.93811e-07 8.93822e-07
23 ? 0.027439 0.00295884 0.00242706 0.00088682 -0.0488943 0.00641203 0.00493571 0.000653668 -0.0102853 0.102883 -4.00465e-05 0.00218297 -0.032437 0.008741 -0.00740141 -0.0242981 -0.00564772 -0.00852452 0.000583823 0.00217308 0.00269075
24 ? 0.00512965 -0.000356857 -1.70418e-05 8.56753e-07 8.56753e-07 -0.00181614 -1.558e-05 8.11927e-07 -0.0102429 -0.00316323 0.0196342 0.00226194 -8.26658e-05 8.56768e-07 -0.000609082 -3.97079e-06 8.56797e-07 -0.00199994 -0.0035947 8.56855e-07 8.5697e-07
25 ? 0.0135002 0.00284592 -0.000549567 0.00419527 -0.000765185 0.00334362 0.010378 -0.00626829 -0.0155568 0.0429175 0.0121888 0.00331358 -0.0230126 0.00988137 -0.0144293 -0.0158946 -0.00717044 -0.00743961 -0.00295217 0.00179252 0.00318201
26 ? 0.00727464 -0.00482089 0.0010154 -0.000343703 -4.55369e-06 -0.00312491 -0.00185271 0.00159887 -0.0147075 -6.14223e-05 -0.0091746 -8.65598e-05 8.58096e-07 0.00502048 0.000873519 -6.50492e-05 0.000231563 -0.000789646 0.0262891 8.58096e-07 8.5816e-07
27 ? 0.0136432 9.14553e-07 0.00221982 0.000600291 -0.000347965 -0.00644912 -9.81889e-05 0.00158131 0.0328454 -0.00155581 -0.0177123 -0.0124266 -0.0127688 9.14553e-07 0.000514807 -0.000686728 -0.000656287 0.0364385 -0.0247389 0.00432011 -0.00108128
28 ? 0.0112128 -0.0022254 8.76167e-07 -0.0157694 -0.00502927 0.00763178 0.0339923 -0.000760001 -0.00650546 0.00342925 8.76167e-07 0.00929907 0.00532105 -0.00193576 0.00599102 -0.0148166 -0.0169421 -0.00355361 -0.013339 0.00771415 0.00749629
29 ? 0.0214368 0.00404284 -0.00332675 -0.00224644 -0.017678 0.00820406 0.0152382 -0.0253352 -0.00185228 -0.0231689 -0.00282038 -0.00338597 -0.0045092 -0.00408246 0.0814866 -0.0210097 0.0111527 4.08393e-05 0.00142134 -0.00249597 -0.00967522
30 ? 0.0232211 -0.00397046 9.21613e-07 0.0868136 -0.0515895 0.00193085 -0.009508 -0.0118335 9.21614e-07 0.00337236 0.000672388 0.00154481 -0.0166137 0.00460269 0.000533193 -0.00297112 9.22253e-07 0.00105586 -0.000164865 -3.75497e-05 -0.00383983
31 ? 0.0141607 0.00428627 -0.00378658 9.40023e-07 -0.0014907 -0.000276506 -0.00664229 9.40023e-07 -0.0318124 -2.0123e-05 9.43481e-07 9.50394e-07 0.00732866 0.00816863 -0.001045 -0.0143715 0.0502046 -0.00569593 9.64224e-07 0.00121877 -0.00607075
32 ? 0.0315163 0.000715041 -0.0270899 -0.000782027 0.0057168 0.00706568 -0.0160589 0.0066323 -0.00838806 0.00712311 -0.00391095 0.0107113 -0.0126394 -0.000649904 0.0090283 -0.107684 0.0633024 0.0497057 -0.00110447 0.01148 0.00682704
33 ? 0.0156101 -0.00801389 -4.19156e-05 -0.0015935 0.0349922 8.8235e-07 -1.81529e-05 -7.77821e-06 0.00212018 -0.0576231 0.00572995 0.00899645 0.00507279 0.00831958 -0.00344023 0.00308107 0.000365424 8.8235e-07 -0.0025105 8.82522e-07 0.00456875
34 ? 0.0078165 0.00974701 0.000950463 9.0565e-07 5.70904e-07 -0.008451 9.05674e-07 -0.00138521 0.0273287 -7.59551e-05 -0.00176031 -0.00679053 -0.000100441 0.00670084 -1.86086e-07 -0.00278863 -0.00306812 -0.0114606 -0.00789127 9.3888e-07 -0.000958069
35 ? 0.0731869 -0.00576392 0.00103584 -0.0188897 -0.00218536 0.000805122 -0.00592145 0.304782 -0.0058663 -0.00373693 -0.0329632 0.00310305 -0.0449524 -0.00254132 -0.0533525 -0.0822755 -0.0130398 -0.0089364 -0.00685285 0.00404495 -0.0264936
36 ? 0.0115454 -0.00125776 -0.000248505 -0.00242805 1.61729e-06 -0.00155644 -0.00025304 -0.00974559 -0.0027458 -5.31329e-05 0.046943 1.60535e-06 1.4653e-06 -0.000333452 -0.00180857 -0.000751039 -0.00017909 -0.0074532 -0.00113781 8.89821e-07 -0.0169971
37 ? 0.0110125 -0.00107883 9.0286e-07 -0.00569669 -0.000141882 -4.24758e-05 -0.00075588 -0.000340313 9.0286e-07 0.043534 -0.00735331 -0.00585932 -0.0045774 -9.20225e-05 -0.00248998 -0.0190247 9.02862e-07 -0.000365996 9.02868e-07 0.00428036 9.0288e-07
38 ? 0.0122848 -0.010695 -0.00489925 -5.27868e-05 9.25702e-07 0.00463149 9.25705e-07 9.40697e-07 -0.0057811 -0.000727491 -0.00721947 -0.015327 9.70677e-07 1.03065e-06 1.15059e-06 1.39059e-06 1.87074e-06 -0.00312644 0.049835 1.82845e-06 -0.00664897
39 ? 0.011108 -5.79512e-05 0.00475935 -2.27277e-06 -0.00179337 0.00357 0.000871715 0.0023886 -2.76153e-05 0.0387296 0.00156936 9.03915e-07 -0.0236813 0.00319085 -0.00656534 -0.0129424 -0.00399198 -0.010582 0.00116331 0.00303696 0.000363426
40 ? 0.0687393 6.34472e-06 -0.00528517 -0.00629661 -0.00763792 -0.000270872 -0.00604538 -0.00525526 -0.0845777 -0.021823 -0.0357282 0.288187 -0.00855473 -0.00621961 0.000747592 -0.0247853 -0.0133788 -0.0258969 -0.026742 -0.00326827 -0.00717518
41 ? 0.0124426 -0.0168265 -8.93861e-05 8.99749e-07 -0.000897984 8.99749e-07 -0.000487773 0.0121127 -0.00414426 -0.00420332 -0.00572601 0.00985922 -0.000444934 -0.0215117 -0.0059285 -0.00150533 -0.0032236 0.0445826 8.9975e-07 -6.1349e-05 -0.00150653
42 ? 0.00857226 -0.00832489 0.00333315 0.00289063 -0.00217206 8.78485e-07 0.0029584 0.00311418 -0.00300868 -0.0184794 -0.000799659 0.00054859 8.78485e-07 -0.000428147 0.00276992 -0.00360857 -0.00974622 0.0298179 0.00113127 8.78542e-07 8.78655e-07
43 ? 0.0240861 0.00135913 0.0039847 -0.00778004 0.00140773 0.00423874 0.000739064 0.0806009 -0.000308939 -0.00132155 -0.0164082 0.00535363 -0.030266 -0.00705253 0.0336219 -0.0415584 -0.0037721 -0.000520297 0.000407162 0.00612463 -0.0288496
44 ? 0.0044865 8.5627e-07 -0.000891788 -0.000338324 8.5627e-07 -0.00724598 -1.02594e-05 -8.18004e-07 -0.000968298 -0.000514905 0.017904 -0.00349287 8.56273e-07 -0.000180364 -0.000345415 -3.93553e-05 -1.49975e-06 8.56279e-07 8.56291e-07 8.56315e-07 -0.0038793
45 ? 0.01593 0.00127579 0.00285116 0.000847024 -0.0215268 0.00582014 0.00236383 0.00112897 -0.00430547 0.0486456 0.00191044 -0.0236864 -0.0334209 0.00931598 -0.00708103 0.0168039 -0.00600651 -0.00357513 0.00356362 0.00211779 0.00295798
46 ? 0.0234008 0.000801128 -5.40016e-05 0.00276737 -0.000407832 0.00338961 -1.87495e-06 0.00267257 -0.00574636 0.0895878 -0.00188861 -0.00153769 -0.0422201 9.44686e-07 -0.00784003 -0.0207345 -0.00246557 -0.0235305 0.000636118 0.0047424 0.00182912
47 ? 0.0026276 7.66055e-07 7.66055e-07 0.000237108 -2.09282e-05 -0.000329564 -0.000449505 -0.000336545 -0.00479766 7.66063e-07 0.00986691 0.000194107 -2.89635e-05 -0.000381014 7.66079e-07 -2.20142e-05 -0.000224879 0.000510378 -0.00408881 7.66063e-07 -0.000132449
48 ? 0.0044169 0.00294722 8.13322e-05 0.000110963 9.41606e-07 0.000843803 0.0019359 5.80878e-05 -0.00966714 -0.00432026 0.00909847 -0.0119191 -0.000154042 0.00282912 1.50853e-06 0.000186132 0.00168792 0.00121631 0.00525422 -0.000218704 2.73273e-05
49 ? 0.0180458 -0.000812527 0.00757042 -0.0365712 0.0452545 0.00520969 -0.0106222 0.0065773 0.00677874 -0.0488494 0.00476506 0.0046504 0.0044215 0.00997645 -0.00989503 -0.000459511 -0.00240301 0.00947403 -0.00581558 0.0070365 0.00371383
50 ? 0.0174172 -0.00828872 -0.00505659 0.00171265 0.000318738 -0.0132134 0.00516143 0.000668518 -0.0015798 0.00189337 -0.0146044 0.000856239 -0.00247768 -0.00110571 -0.000988603 -0.00269285 0.0682763 -0.0294533 -0.000552899 0.00165587 -0.000529231
51 ? 0.0213142 0.00818994 -0.000321848 -0.00045153 0.00056957 -0.0453255 0.0079411 0.055216 -0.00863357 -0.00466409 0.0318842 0.000832693 -0.00910034 0.0082509 0.00132979 0.0138075 0.00583725 0.0026669 -0.000983158 -0.0407797 -0.0262662
52 ? 0.00392326 7.40136e-07 0.00941064 -4.68914e-06 -0.000356704 7.40136e-07 -0.000483271 7.4017e-07 7.40147e-07 7.40147e-07 6.20642e-07 -0.0042038 7.40147e-07 -2.03524e-05 -0.000856981 -0.0121223 0.00693099 -1.3505e-05 0.00228083 -0.000566665 7.40147e-07
53 ? 0.0321944 -0.00248046 0.00373194 -0.00514095 -0.015873 -0.0031773 0.00625933 -0.0240887 0.00394274 -0.0304643 -0.0119486 0.00150034 -0.00232418 -0.00896146 0.133831 -0.0243809 -0.00885911 -0.00315355 -0.00143089 -0.00158828 -0.0053935
54 ? 0.0079857 0.00913925 -0.0028895 0.000204246 -0.00262613 -0.00237104 -0.00937623 0.00305937 -0.0101186 -0.02183 0.00668948 0.00109585 0.0010994 0.0110785 -0.0019846 0.0162902 -0.00408155 -0.000994393 -0.000962349 0.00462004 0.00395805
55 ? 0.0222327 0.00665022 -0.00417388 -0.00118891 -0.0168204 0.00460945 0.017288 -0.0349788 -0.00471758 -0.0230167 -3.03918e-06 -0.00167066 -0.00585247 0.00103125 0.0826293 -0.0177673 -0.00841751 0.00811707 0.00771102 -0.00138484 -0.00804418
56 ? 0.0225327 -0.0305449 -0.00780882 -0.0423681 -0.0255779 0.0208637 0.0563897 0.0205703 -0.00413998 9.15622e-07 -0.0105072 0.0279026 0.0193882 9.15622e-07 0.0198225 -0.0297794 -0.0103122 -0.000965346 -0.00158529 -0.000162895 -0.00118675
57 ? 0.0102239 -0.0125048 0.00295365 -7.54997e-05 0.00264629 -0.00828472 -0.000735729 9.44912e-07 0.00318972 -0.00964369 -0.00767512 -0.00110796 -0.00094249 9.44985e-07 -0.00225029 -0.00566683 0.00291833 0.00990627 0.0383003 -0.00291568 -0.00811362
58 ? 0.0125827 -0.0100597 9.104e-07 -1.77476e-05 0.00491824 9.104e-07 -0.00165491 9.10402e-07 -8.76736e-08 0.00656857 0.0211574 0.00837056 9.10407e-07 0.0324472 -0.0241691 -0.0270151 -0.0105227 -6.89656e-06 9.10416e-07 9.10435e-07 -2.10466e-05
59 ? 0.031554 0.0421932 0.0142496 -0.0111586 0.011241 0.0169207 -0.00404878 0.0158227 -0.061033 0.00116468 -0.00785064 0.0584356 0.016036 -0.0117508 -7.93561e-06 -0.0676541 0.0463848 -0.0363522 -0.0350269 -0.00309858 0.0155334
60 ? 0.0161833 -0.0148223 -0.00311062 -0.00400653 0.00782777 0.0100351 -0.00412519 0.00245557 -0.000184037 -0.0155543 -0.000719935 -0.00030355 0.0525396 -0.00352464 0.0066572 -0.0292577 0.0163466 -0.00588321 -0.0128786 0.0137971 -0.0152884
61 ? 0.0103711 -0.0120144 -0.0031084 -0.00035293 -2.82518e-05 -0.00811641 -0.00107154 0.000301899 -7.90261e-05 -1.01078e-06 -0.0130067 -0.00405127 -3.45913e-06 9.89337e-07 -0.000629335 -0.00724638 0.0137192 0.0385768 -3.00587e-07 0.000888069 -0.00377773
62 ? 0.0149487 0.0095784 -0.00656441 0.00347151 0.00257754 -0.01436 0.00861636 -0.013274 -0.0173573 0.00254454 0.0557721 -0.00538686 0.000817501 2.00251e-06 -0.00875515 -0.0113593 0.00865575 -0.00309094 -0.00726354 0.00305179 -0.00767599
63 ? 0.0106829 0.00915652 0.00318292 0.0066709 -0.00529967 0.00484558 -0.0012197 -0.000929667 -0.00565975 -0.0198102 0.00787125 -0.0112262 -0.00628277 0.0108938 0.00135063 0.0302189 -0.0178283 -0.00232003 0.00591587 -0.00540655 -0.00412354
64 ? 0.00694964 0.00399035 -0.00272433 0.00145274 0.00182614 -0.00613868 0.00772874 -0.0147587 -0.00470192 0.00211163 -0.00785295 0.000171953 0.0011255 0.00861182 -0.0114625 0.0149696 0.00122013 0.00842664 0.00132845 -0.00533739 1.27225e-05
65 ? 0.0131521 -1.27229e-05 -0.000390384 -0.000591129 9.31884e-07 -0.0219541 9.31884e-07 -0.00513201 -0.0108431 9.31894e-07 0.0523436 0.000390785 -0.000964388 -0.000183707 9.31914e-07 -1.26362e-05 9.31955e-07 -0.00373977 -0.00884433 9.32036e-07 -7.17305e-05
66 ? 0.00990194 0.00319724 -0.000447201 0.00301937 0.000620141 0.0122176 0.00814079 -0.0164474 -0.00127331 0.00154144 -7.15557e-05 -0.000492939 0.000265212 0.00728275 0.00359449 0.0163117 0.000117546 0.00758533 8.89278e-06 -0.0180619 -0.0271082
67 ? 0.0441067 -0.0409927 0.0165685 -0.0360825 0.154688 0.0168337 -0.0781048 -4.28717e-05 9.35405e-07 -0.00435332 -0.0562901 0.0279044 0.0138112 -0.000687679 -0.014197 -0.000147592 -0.00119696 9.354e-07 -0.0116218 0.0262799 -0.01237
68 ? 0.00476197 7.81035e-07 -0.0026874 -0.00311555 -5.56993e-05 7.81036e-07 0.014053 7.81039e-07 7.81046e-07 7.8104e-07 0.00393558 7.8104e-07 -0.000650002 0.00455826 0.000582027 -0.00109689 -0.0141029 -5.95489e-06 -1.09328e-05 -0.00140895 7.81041e-07
69 ? 0.0191537 0.00247743 -0.00352951 -0.00501258 -0.0142739 -0.00188537 0.00812015 -0.0165342 0.00828031 -0.0208974 -0.00679638 0.00391797 -0.00756258 -0.00406206 0.074069 -0.0209489 -0.007636 0.00169426 0.0109595 -8.33941e-05 -0.000296256
70 ? 0.0262117 0.00362137 -0.00159893 -0.00152534 -0.00580157 0.00489187 -0.0159378 -6.77716e-05 -0.0150723 -0.0249157 0.000218745 -0.00246737 -0.00831091 0.00097689 -0.000167142 0.107187 -0.0300081 -0.00966814 -0.00074795 -0.00162189 0.00101467
71 ? 0.017413 3.28953e-06 3.14865e-06 -8.91606e-05 7.34576e-06 0.0677517 -0.00166054 6.54586e-06 -0.0149949 -0.0250603 -7.13004e-05 6.16929e-06 6.54654e-06 -5.21996e-05 4.39765e-06 -0.000137281 -0.000264268 -0.000616152 -0.0248561 6.54721e-06 6.54789e-06
72 ? 0.0304111 -0.0738948 0.00560839 -0.00902515 -0.000155621 0.00556041 -0.00784603 0.00531356 -0.00204995 9.61478e-07 -0.000563338 0.00646538 0.00184367 -0.0177367 0.00472306 -0.000511471 0.0510074 0.0795831 -0.0585082 0.00674117 0.00344418
73 ? 0.00388607 6.21865e-07 0.000583082 0.00519714 -0.000136766 -0.000618478 -6.49686e-06 -0.00804862 6.21882e-07 6.21888e-07 -2.6789e-05 -0.0023359 -0.00476611 6.21909e-07 -0.00067568 6.21934e-07 6.21899e-07 0.0132324 6.21982e-07 6.21924e-07 -0.00240275
74 ? 0.041948 0.00185154 0.0030924 -0.0219563 0.00131875 0.00290959 0.00100509 0.152236 -0.022397 -0.0715134 -0.00323525 0.00432099 0.0407083 0.00228813 -0.00283982 -0.00626646 -0.0615438 -0.0139111 0.000818705 0.00522955 -0.0121159
75 ? 0.0168226 -0.0149742 0.0069664 -1.35525e-05 -0.00168813 -0.00210177 6.11256e-07 0.00789324 -0.0159658 -0.00898121 0.0377443 0.0114667 0.00207946 -0.0128675 0.0268786 0.0359441 -0.01069 -0.0263647 -0.014469 -0.00878147 -0.0120761
76 ? 0.00388865 7.61032e-07 -0.00134068 7.61073e-07 7.81367e-07 7.67865e-07 0.00177901 7.67749e-07 7.67115e-07 7.67819e-07 7.67917e-07 7.67618e-07 7.66637e-07 -0.000769443 7.67676e-07 0.00326087 -0.0139704 0.00940332 7.67778e-07 0.00162739 7.6835e-07
77 ? 0.00592504 -0.00549142 0.00783356 -0.000163724 -0.00213159 -2.14848e-05 4.02266e-07 -4.57904e-05 8.11242e-07 -0.00420028 8.11242e-07 8.11255e-07 8.11282e-07 0.0192956 -0.00010624 -0.014697 -0.000225091 -5.26569e-05 8.11335e-07 8.11272e-07 8.11271e-07
78 ? 0.0303908 0.00290624 0.00333634 -0.00121832 -0.0200689 -0.000638644 0.00438825 -0.000674233 -0.0133769 0.117029 0.0116111 -0.00167258 -0.028077 0.0071862 -0.0243447 -0.0502028 -0.00591556 -0.00255164 0.00424884 -0.000194663 -0.00177014
79 ? 0.0227886 -0.00368229 0.00584038 -0.0144147 0.0703951 0.00799839 -0.00966908 0.0015282 0.00421901 -0.066311 0.00220381 -0.00176043 0.000756878 0.00992022 -0.0180892 0.0082398 0.00184904 0.00805934 -0.00416277 0.000625234 -0.003546
80 ? 0.00158509 -2.8637e-06 0.000360133 -0.000931239 7.97065e-07 7.97531e-07 8.94818e-07 -7.3602e-05 8.30225e-07 -0.00193037 0.00635134 -0.00178673 -0.000875068 8.31179e-07 8.32825e-07 8.32658e-07 8.29238e-07 8.30544e-07 8.31483e-07 -1.37438e-05 -0.00110617
81 ? 0.0200788 -0.0102562 0.00559314 -0.00622839 -0.0121902 0.00512941 0.0804031 0.00565343 -0.000463941 -0.00652765 -0.0151408 0.0095561 -3.86803e-05 5.97002e-07 0.00511653 -0.0164249 -0.0134611 9.46305e-07 -0.00509788 -0.0160943 -0.00952913
82 ? 0.0110669 -0.00125008 -0.00716941 -0.00109096 -0.00275906 -1.23178e-05 -0.00568558 -0.00683884 6.09503e-07 6.09503e-07 -0.0129965 0.0459029 -3.81975e-05 -0.000106589 6.09503e-07 -0.00124532 -0.00105614 6.09503e-07 -1.0472e-05 -0.00017294 -0.005473
83 ? 0.0642811 -0.0223856 -0.0023963 -0.0496124 0.271691 -0.00325436 -0.0336716 -0.00369308 -0.00557752 -0.0548555 -0.0195276 0.000829995 -0.00196972 9.64037e-07 -0.00743807 -0.0162727 -0.0132943 -0.0153747 -0.0232238 0.000461351 -0.000435813
84 ? 0.0321533 -0.0294163 0.00745042 0.0869251 0.0609642 0.0109735 -0.0804964 -0.000290402 -0.0163109 -0.0131026 -0.00255515 0.0150103 -0.00474581 -0.000320056 0.00283708 -0.0129396 -0.00455495 -0.00783144 -0.0270425 0.0141551 0.00129024
85 ? 0.0378752 -0.00817537 0.000435927 -0.0178852 0.152144 0.000560759 -0.0418822 0.00150964 0.00217153 -0.0536921 -0.00268843 0.000574375 -0.00154315 0.00608752 -0.0113467 -0.00542537 -0.00660351 0.000827103 -0.015994 0.00217784 -0.0012527
86 ? 0.0263701 -0.00593363 -0.0038582 0.108546 -0.0304637 9.33577e-07 -0.0130754 -0.000187421 -2.3365e-06 -0.000359076 9.33577e-07 -0.00387375 -0.0261234 -0.000622919 -1.24078e-06 -1.6837e-05 -0.00892911 -0.000508548 -0.000517226 9.33589e-07 -0.0140759
87 ? 0.0409257 -0.0190728 -0.00255994 -0.010674 -0.0151857 -0.00862452 -0.00963428 -0.00414586 -0.0179019 -0.008678 -0.0179696 -0.0177354 -0.00689027 0.00539038 -0.00725197 -0.0101112 -0.0107773 -0.00453426 0.176428 -0.0018637 -0.00820778
88 ? 0.0170844 -0.000199894 8.10682e-07 5.40952e-07 -0.000523737 -0.000599517 -0.000425423 -0.000949068 -0.0176759 -5.10131e-06 -0.0284218 -0.0154927 8.10683e-07 -7.86061e-05 -0.000316638 -4.09952e-05 -0.00217441 0.0668626 0.000221518 8.30515e-07 -0.000183313
89 ? 0.0277352 -0.0190424 9.5564e-07 -0.041592 0.111227 0.00329774 -0.0195113 -0.000566971 -0.000803062 -0.00870915 -0.00372475 0.00439758 0.00100882 9.5564e-07 -0.00519653 -0.00395595 -0.00431882 -0.00148517 -0.0180524 0.00496643 0.00205911
90 ? 0.00924345 -0.00610976 -0.00835154 -0.00013616 0.0014674 -0.0040389 0.00197984 -0.000322528 -0.0224353 0.00158464 0.00218242 -0.0060639 0.00199569 0.010704 0.000990344 0.00853173 -0.00942811 -0.0036685 0.026991 0.00180006 0.00232756
91 ? 0.0118391 0.00627915 -0.0275321 -0.0176584 -0.00228485 -0.00979417 0.00868529 -0.0158895 0.00868091 0.00130284 0.00880691 -0.000844115 -0.00633716 0.0100969 -0.000693304 0.00314249 -0.000103222 0.00653122 -0.000345034 -0.0022023 0.0301584
92 ? 0.033443 -0.000473502 -0.000741579 -0.000581495 -0.0228189 0.00235195 -0.00163833 -0.0321492 -0.00226734 -0.0183378 -0.00866905 -0.000223654 0.000533374 -0.0128274 0.139522 -0.0257871 -0.00820781 -0.00305255 -0.00289701 0.000821349 -0.00255589
93 ? 0.0197181 -0.00316338 0.00154059 -0.0526364 0.0543064 0.00093217 -0.0280551 -0.00160479 0.0119602 -0.0088596 0.0198223 -0.00247663 -0.00535486 0.0158697 -0.0107106 0.00811736 -0.00164269 0.0112073 -0.00601712 -0.000643641 -0.0025913
94 ? 0.0180433 0.00434843 0.00179631 -0.0018717 -0.0104695 0.00448656 9.71828e-07 -0.0249555 0.00372764 -0.0137834 -0.00164003 0.00116888 -0.00350636 -0.00308635 0.0673611 -0.0288391 -0.00648638 0.00821216 0.0039986 0.00182589 -0.00228816
95 ? 0.0323722 -0.0168102 0.00709706 -0.00401918 -0.000128486 -0.00154758 -0.00325215 -0.00313848 -0.00704188 -0.0227935 -0.00770246 0.00556155 -0.00658541 -0.00117125 9.50795e-07 -0.00835696 -0.0611909 0.126371 -0.00429174 0.0089988 9.50795e-07
96 ? 0.0034728 -0.00489414 -0.000534622 -5.41245e-05 7.2273e-07 0.00447628 0.0108083 -0.000462831 7.22729e-07 7.22751e-07 -0.0041916 7.22736e-07 -0.00132474 0.00205592 0.00344364 -2.39647e-05 -0.00564412 -0.000105842 -0.00355208 7.22736e-07 3.04509e-07
97 ? 0.0146652 0.0256896 0.00422705 0.00110751 7.68856e-07 -0.0137498 -0.0155104 -5.0622e-06 7.41941e-07 0.00389357 -0.035681 7.12978e-07 3.37571e-06 6.83167e-07 5.14276e-06 -0.00147742 0.0411681 -0.0128505 -0.00272997 6.50044e-06 0.00590037
98 ? 0.0359665 0.0221035 0.043306 0.00710251 0.0184182 0.061931 -0.0382597 -0.0102159 -0.0316071 0.0193212 -0.0165905 0.0508339 0.00455373 -0.0208295 -0.0515362 -0.00639151 -0.0558146 -0.0410719 -0.0411257 0.0342503 0.0516222
99 ? 0.0254369 -0.0185514 -0.0131025 0.00640001 0.00849013 0.00706188 -0.0523227 0.00372208 -0.00479655 0.00347312 0.00949386 0.0131713 0.0513579 -0.0251223 0.00675777 0.0103479 -0.0430883 -0.0193807 -0.0120057 0.0574514 0.0106429
100 ? 0.181216 -0.0475721 -0.036597 -0.0165782 -0.0176325 -0.0247652 -0.0325361 -0.0322216 -0.0601228 -0.057037 -0.0600052 0.781517 -0.0342365 -0.0228047 -0.0224427 -0.0361299 -0.0704454 -0.125851 -0.059683 0.00302684 -0.0278825
101 ? 0.0349953 -0.00197786 0.0126457 0.000857274 -0.0316652 -0.0106818 -0.0345554 0.0727564 0.0415367 0.0112141 -0.0045038 0.0168944 0.0149091 -0.0062306 0.0120252 -0.0129929 -0.0494911 0.0354986 -0.0985871 0.0207075 0.0116405
