# The entries are half the absolute sum of the differential preferences for each site.
# This quantity can range from 0 to 1.
#
# SITE	HALF_ABSOLUTE_SUM_DIFFPREFS
3	0.916734
1	0.786031
100	0.784544
2	0.690686
21	0.591957
20	0.369595
35	0.313771
98	0.313443
10	0.297164
40	0.288941
15	0.28548
83	0.272983
67	0.256087
101	0.250686
14	0.247182
5	0.239612
59	0.237982
13	0.225796
18	0.218311
74	0.215779
12	0.205725
11	0.202384
84	0.199606
99	0.18837
7	0.185338
17	0.182311
87	0.181818
6	0.179497
32	0.178308
72	0.170291
4	0.168668
85	0.166489
56	0.164939
19	0.152622
78	0.150706
53	0.149265
95	0.14803
92	0.143229
43	0.137838
23	0.137528
51	0.136526
16	0.130177
75	0.128973
55	0.128036
89	0.126958
9	0.12662
93	0.123756
79	0.121635
29	0.121587
70	0.117911
49	0.115428
81	0.111453
60	0.109659
69	0.109519
86	0.108549
46	0.106427
30	0.100529
45	0.0996022
94	0.0969266
62	0.0950875
25	0.0940386
91	0.0836841
97	0.0820041
8	0.0815195
28	0.0808766
50	0.0805432
63	0.0801064
27	0.078522
58	0.0734674
33	0.0732491
31	0.0712117
71	0.0678023
88	0.0670871
41	0.0665572
66	0.0639026
90	0.0605547
57	0.0599165
39	0.0596441
22	0.0590376
54	0.0572343
38	0.0544776
61	0.053487
64	0.0529765
65	0.0527399
37	0.0478188
36	0.0469486
42	0.0465676
82	0.0459054
34	0.0447303
26	0.0350315
77	0.0271352
48	0.0262793
68	0.0231343
24	0.0219021
96	0.0207881
73	0.0190176
52	0.0186283
44	0.0179092
76	0.0160806
47	0.0108123
80	0.00671978
