# POSITION WT RMS_dPI dPI_A dPI_C dPI_D dPI_E dPI_F dPI_G dPI_H dPI_I dPI_K dPI_L dPI_M dPI_N dPI_P dPI_Q dPI_R dPI_S dPI_T dPI_V dPI_W dPI_Y
1 ? 0.0380496 -0.00264794 0.00494709 0.0033284 0.00265577 0.00587911 -0.00174329 0.00277352 -0.0300796 -0.0188084 -0.0517293 0.143864 0.00279568 -0.00356502 0.00211179 -0.000245626 -0.00706573 -0.000245618 -0.0638963 0.00709566 0.00457545
2 ? 0.0149868 -0.0130922 -0.000264475 -0.00559984 -0.00487097 -0.0111663 0.000667508 -0.00665577 -0.00283173 -0.00536065 -0.00434261 -0.000169864 0.0303289 -0.0270063 -0.00523236 0.00705073 0.0409781 -0.00895187 0.00115742 -0.00707533 0.0224375
3 ? 0.0457766 -0.0171143 -0.0114094 -0.0296373 -0.0153508 -0.00388063 0.196519 -0.0082386 -0.00591419 -0.00856068 -0.00156268 -0.00417261 -0.00775409 -0.00270704 -0.00591336 -0.0150974 -0.0312214 -0.0039246 -0.0124014 -0.00588936 -0.00576877
4 ? 0.0531232 -0.00800222 0.00750283 0.00575424 0.00440526 0.000326237 -0.00719678 0.00542449 0.210504 -0.000613499 -0.0621129 0.000579245 -0.013566 -0.00991625 0.00466239 -0.0467256 -0.00568958 -0.0467256 -0.0561386 0.01081 0.00671841
5 ? 0.0347959 0.136473 0.00316214 -0.000151715 -0.00208702 0.00396111 -0.0187474 0.0017271 0.000802204 0.00102976 -0.00246206 0.00453534 0.00147294 -0.0256212 0.000984337 -0.00604777 -0.0180829 -0.0341099 -0.0544087 0.00471004 0.0028605
6 ? 0.0257619 0.021289 0.0118512 0.0101436 0.0081054 0.0337794 -0.0203777 0.00340172 0.0138169 0.00326819 -0.0370212 0.0435825 0.00696696 -0.0291259 0.00859253 -0.0113926 -0.0290813 0.0106835 -0.0716983 0.0124315 0.0107845
7 ? 0.0255283 0.0512108 0.00536847 -0.0186048 0.00566188 0.0115825 0.0164366 0.0114637 -0.035618 0.00588434 -0.040801 0.0158937 0.0342527 -0.0319114 0.0121255 -0.0565869 0.00895428 -0.0070546 -0.0147201 0.01553 0.0109324
8 ? 0.0081892 0.0015212 -0.00015259 0.00107184 0.000682849 0.00358415 -0.0005698 -0.00311826 -0.000663838 -0.0044362 -0.00350023 0.0032826 0.000550882 -0.0101267 -0.0119429 0.030239 -0.00982612 -0.00114314 0.00291076 -0.000543843 0.00218032
9 ? 0.0107807 0.00184354 0.00132551 -0.000378444 -0.000143077 -0.0148728 0.00286713 -0.000480575 -0.0116102 -0.0016971 0.040775 0.00109975 0.000530258 -0.000480575 -0.00238835 -0.0151103 -0.00643645 0.00204472 -0.000479916 0.00256617 0.00102567
10 ? 0.0350202 -0.0786178 -0.000252065 0.000442104 -0.000252068 0.0104869 0.0243183 0.012218 0.00524276 0.010682 -0.0187259 0.0152149 0.0113126 -0.00437783 0.0116876 -0.00109285 0.0809762 -0.00607938 -0.0978951 0.0139505 0.010761
11 ? 0.0258557 -0.00285289 0.000623476 -0.0155559 0.0646507 0.00285392 -0.0153512 -0.0238103 -0.000224374 -0.056949 0.00308191 0.000729478 -0.00227349 -0.00517895 0.0669536 -0.0178873 -0.00429998 0.00471034 0.000312112 0.0007492 -0.000281402
12 ? 0.0116612 -0.000997549 -0.000997521 -0.0119797 0.00426814 -0.00071012 -0.000997521 -0.00960036 0.00295891 -0.000997125 0.0249895 -0.0116361 -0.0139198 0.0165164 -0.018831 0.0233038 0.00144921 0.0134747 -0.0047642 -0.011038 -0.000491758
13 ? 0.00415451 -0.00126522 -0.00126574 0.00392755 0.00361068 0.00319897 -0.00126477 -0.00386668 0.00109056 -0.00187945 -0.0107743 0.00155412 0.00282466 -0.00126508 0.00215008 0.00782994 -0.00806375 -0.00126508 -0.00126508 0.00203016 0.00395845
14 ? 0.0186819 -0.000462992 0.00593878 0.00497353 -0.000463577 0.00585549 -0.000463678 0.0047163 -0.00156681 0.0671077 -0.00822972 0.00337708 -0.0169307 -0.000463533 -0.00948446 -0.0336483 -0.00770879 -0.0248042 -0.00118807 0.00785234 0.00559352
15 ? 0.0351398 0.0267787 0.0157306 0.00169793 0.0120076 0.0196245 -0.0428656 0.0695499 0.0112093 0.0160184 -0.0750734 0.0274546 0.0120983 0.00663558 0.0127041 -0.0214296 -0.00172067 -0.0642162 -0.0636144 0.0245531 0.0128574
16 ? 0.0114071 -0.000504288 -0.0175724 0.00157316 -0.000774024 0.00630458 -0.000905328 0.00206359 0.00369627 0.00122861 -0.0130117 0.00628612 0.00341664 0.00132167 0.0015306 -0.000904953 -0.0331227 0.000301084 0.00530511 0.0293228 0.00444519
17 ? 0.00524271 0.00188846 0.00194835 0.00097045 0.000504579 0.0030801 -0.00111761 -3.95683e-06 -0.000230806 -0.00633281 0.0032459 -0.00459558 0.00180064 0.000676267 -0.000913264 0.0160114 -0.0118892 -0.00111666 0.00198713 -0.00706032 0.00114686
18 ? 0.0239513 -0.00442415 0.00493641 -0.00419818 -0.0143473 0.00530967 -0.00296679 0.00395389 -0.0107742 0.0971168 -0.00558943 0.00334569 -0.00188764 -0.000356242 -0.00714378 -0.0301198 -0.00441714 -0.0238027 -0.000435047 -0.000356242 -0.00384377
19 ? 0.0217749 -0.00860127 0.0069765 0.0413049 0.0166475 0.00775434 -0.0627597 -0.0353048 0.00372741 0.00239118 -0.000602719 0.00866396 0.0405689 -0.000231141 0.00363211 -0.00523439 -0.00530756 -0.000837278 -0.0129508 0.00884429 -0.00868137
20 ? 0.00595392 -0.000454669 0.00039594 -0.00734434 0.00278533 0.00404227 -0.00141467 0.0160298 0.00222881 0.00189852 -0.00220987 0.00537557 -0.00141363 -0.00141363 -0.00141363 -0.0168535 -0.00141363 -0.00141362 -0.00141362 0.00555322 -0.00155068
21 ? 0.0103281 -0.000790297 0.00706907 0.00660978 -0.000790139 -0.000790341 -0.00473421 0.000385459 0.00307146 0.00707516 -0.0299792 0.00939084 0.00754498 0.0186429 0.00136567 -0.000790295 -0.0129719 -0.0173761 -0.00113298 0.00942838 -0.0012282
22 ? 0.0122414 0.0032205 -0.000780291 0.00197012 0.00104021 0.00958419 0.0042135 0.00101411 -0.0182917 0.00372488 -0.0358124 0.00205808 0.00224371 0.00416845 0.00173445 0.00370515 -0.0114017 0.00575117 -0.0123957 0.00502878 0.0292245
23 ? 0.0165186 -0.037537 -0.00178439 -0.000340783 -0.00308554 0.00597549 0.0564271 0.00437913 -0.00229441 0.00394072 -0.0115165 -0.00179201 0.00494728 -0.00240979 0.00425385 -0.00729251 -0.0214056 -0.000340781 -0.00230919 0.0065733 0.00561156
24 ? 0.0159793 0.00219817 -0.0156083 -0.00354684 -0.0059864 0.0371276 0.0148418 -0.00571194 -0.0349383 0.00550943 -0.0180845 -0.00686705 -0.00761859 0.0159093 -0.000131908 0.0241695 -0.000505963 0.0209755 -0.00416555 -0.00398305 -0.013583
25 ? 0.0258692 -0.057904 0.00783039 -0.000669439 -0.000214137 0.00287616 -0.0145202 0.00611289 0.0440014 0.00524248 -0.0606989 0.00105678 -0.00452907 -0.00435451 0.00552868 -0.00296203 -0.00283842 -0.00284297 0.061818 0.00954561 0.00752135
26 ? 0.0126284 0.0442624 0.0013677 -0.00260327 -0.000449098 0.00239592 -0.00458434 -0.00198919 -0.000838096 -0.0027037 0.00721195 -0.000449084 0.000864616 -0.000449127 -0.00105205 -0.000449053 -0.0114012 -0.031523 -0.000449181 0.00188186 0.00095603
27 ? 0.0190865 -0.0175499 0.00624985 -0.000193021 -0.0131511 0.00380283 -0.0155034 0.00592745 -0.012457 0.041875 -0.0439118 0.00123015 -0.00603213 -0.0104663 0.00624082 0.0085761 -0.0100889 -0.00585854 0.0461006 0.00860342 0.0066059
28 ? 0.0124289 -0.00478 0.00307259 0.00094303 0.00338141 0.00294717 0.00101859 -0.00244153 0.00357148 -0.000426446 -0.0130736 0.00306483 -0.000188785 0.0445146 -0.0082835 -0.0101488 -0.0235845 -0.00962237 0.0032943 0.00381329 0.00292834
29 ? 0.0993548 -0.0327189 0.000633815 -0.00743171 -0.00758 -0.00100165 -0.0727634 -0.0022159 -0.0487755 -0.0579861 -0.04461 0.418438 -0.0322504 -0.00406292 -0.00429084 -0.049037 -0.0494941 -0.0376445 0.026472 0.00839417 -0.00207478
30 ? 0.0536355 -0.0101208 0.00361204 0.00354758 -0.0311083 0.00515213 -0.00871363 0.00459432 -0.0037949 0.219206 -0.0274496 0.00452782 -0.0228661 -0.0111039 -0.0183692 -0.0724101 -0.00845056 -0.0326314 -0.00583508 0.00763268 0.00458119
31 ? 0.101601 -0.0358297 0.000114973 -0.0142198 -0.00257107 0.001106 -0.0190182 -0.0209594 -0.0244796 -0.0692607 -0.0567139 0.00454476 0.432944 -0.0263976 -0.00357588 -0.0446805 -0.061055 -0.0339088 -0.0179616 0.0046099 -0.012688
32 ? 0.027234 0.0808459 0.0115649 0.00843227 0.00896353 -0.0131648 -0.0106903 -0.00502439 0.00610618 0.00909309 -0.05096 0.0147082 0.0112015 -0.0214559 0.00335136 -0.0341903 -0.0486102 0.0128859 -0.00999752 0.0155452 0.0113953
33 ? 0.0172921 -0.000809059 -0.0069951 0.0116244 -0.0320832 -0.000498522 -0.00224938 -0.000617518 0.00305028 0.00393574 0.0331559 -0.0117081 -0.0374909 0.0195573 -0.00213562 0.0281432 0.0116182 0.0153991 0.000470142 -0.013133 -0.0192338
34 ? 0.0193118 -0.0382557 0.000377672 -0.00296829 -0.00758646 0.00678765 0.0475475 0.0418525 0.00346031 0.00369367 -0.00293732 0.00756845 0.00235083 -0.00329903 0.00196679 -0.0290541 -0.0271347 -0.000788787 -0.0118234 0.0055029 0.00273945
35 ? 0.00770215 -0.0107849 0.0005328 -0.000804139 0.00250386 0.00332136 -0.000205978 0.00223008 -0.000803395 -0.000803395 -0.000629099 -0.000517383 -0.000803378 -0.0194713 0.00197611 -0.000803378 -0.00799587 0.023772 0.00184045 0.00420989 0.00323562
36 ? 0.0133057 -0.0024658 0.0053795 0.00421786 0.00377327 -0.000434641 -0.000135901 0.00128213 -0.0223516 -0.00199047 0.0229866 0.0387945 -0.000466215 -0.00046632 -0.0026417 -0.0124525 -0.013381 -0.000466342 -0.023812 -0.000466397 0.00509696
37 ? 0.0320411 0.000968662 0.00681943 -0.0500823 0.00494235 0.00760789 0.00162614 0.0361693 -0.0116171 -0.0502908 -1.41887e-06 0.00839652 0.105077 0.000757051 0.00432305 -0.00436328 -0.0485931 -0.0165191 0.00340785 0.0085292 -0.00715704
38 ? 0.012097 -0.00160522 0.00234876 -0.000504612 -0.0024908 -0.00236051 -0.000504614 -0.000504658 -0.00559943 -0.00050461 0.0434114 0.00212288 -0.000504593 -0.0306009 -0.000504652 -0.000504795 -0.000504613 -0.00192721 -0.0050688 0.00383538 0.00197163
39 ? 0.0495989 -0.01343 0.00546368 0.00328858 0.00432768 0.0465251 -0.0115781 0.0046994 -0.0136669 -0.0274366 -0.0372646 0.187469 0.00398528 -0.0166662 -0.000255747 -0.0456463 -0.000255747 -0.0767847 -0.0277257 0.0101358 0.0048164
40 ? 0.033339 0.00407191 0.0104137 -0.0454663 0.0084271 0.0107893 0.00508695 -0.0102328 0.0488995 -0.0653973 0.00242851 0.0114879 0.0904851 0.0034007 0.00800777 -0.00137293 -0.0515749 -0.0422206 0.00545853 0.0123016 -0.00499383
41 ? 0.00933365 -0.00677472 -0.00865156 -0.000937589 0.00276544 0.00705115 -0.00093785 0.00274903 0.00105561 0.00207883 -0.00425324 0.00897252 0.00301694 -0.00093773 0.00170908 -0.00093785 -0.0277706 -0.000937678 -0.00201424 0.025692 -0.000937598
42 ? 0.0632359 -0.0230646 -0.00135088 -0.0279935 0.263799 -0.000585318 -0.0592009 -0.00307271 -0.00366645 -0.0671281 -0.00693345 1.51769e-05 -0.00267856 -0.00133157 -0.0220214 -0.0114599 -0.0105297 -0.00726558 -0.0139165 0.000163861 -0.00177937
43 ? 0.0219166 0.0033914 0.0791736 0.000906367 0.000649782 -0.0119794 -0.0050407 -0.000310489 0.000430932 -0.000310485 0.00824177 0.002489 -0.00168353 0.00232121 -0.000774835 -0.000310507 -0.0468625 0.0026366 0.0044844 -0.0273481 -0.0101046
44 ? 0.0365747 0.150724 0.000200753 -0.0186298 -0.0062275 0.000269717 -0.0102532 -0.00409485 -0.00314464 -0.00362581 0.00477214 -0.000714031 -0.00404652 -0.0183716 -0.00473178 0.00720616 -0.0205027 -0.0476427 -0.019004 -0.000605263 -0.00157804
45 ? 0.0202292 0.00539022 -0.00243984 0.00133595 -0.00039991 -0.00796379 0.00209543 -0.00039991 0.0838047 -0.000399795 -0.0105049 -0.00843212 -0.00766261 -0.000263981 0.000743442 -0.0032324 -0.0194981 -0.015205 -0.0136517 -0.000759898 -0.00255583
46 ? 0.025077 -0.010555 0.0135225 0.0111136 0.0113532 0.0130535 0.000781243 0.00531101 0.0101764 0.011918 -0.0552426 0.0152143 0.0124679 0.0534918 -0.00579175 -0.0400887 -0.0481251 -0.0301736 0.0031252 0.0156575 0.0127907
47 ? 0.0184348 -0.0201292 -0.000539756 -0.000665536 0.0736182 0.00126959 0.00852315 -0.000489445 -0.00209194 -0.00113064 -0.000665535 0.00262342 -0.000631098 -0.000665534 -0.00128338 -0.0105577 -0.0143614 -0.0111555 -0.020909 -0.00130531 0.00054665
48 ? 0.0208831 0.00207808 0.000289179 -0.00214993 -0.0445897 0.00453692 0.00387557 -0.00186418 -0.00248598 0.0683045 0.00548887 -0.00570851 -0.0339733 0.0022821 -0.0160704 0.0206691 -0.000211157 -0.00902705 0.00343875 0.00263619 0.00248101
49 ? 0.0731654 -0.0151241 0.00215418 0.000698205 -0.0656074 0.00287752 -0.0137811 0.000845232 -0.00952569 0.305078 -0.0200476 0.00104531 -0.0666695 -0.0102411 -0.017109 -0.0511659 -0.00679264 -0.0332844 -0.0105411 0.00563483 0.00155603
50 ? 0.0293644 0.0238574 0.0086702 0.0734579 -0.0644386 0.00648107 -0.00315625 0.00326846 0.00461321 0.00384421 0.00214977 0.0077825 0.00154323 0.00304539 0.00394339 -0.0712384 0.0246195 0.00118472 -0.0340641 0.000115593 0.0043208
51 ? 0.0115169 -0.000471916 -0.00356336 -0.000471895 -0.000259129 -0.00139547 0.00143259 -0.00550725 -0.000655611 -0.00935914 0.00407657 0.000442624 -0.014327 -0.000471348 -0.00690992 0.0065587 -0.0175141 0.043414 0.00336655 0.000826268 0.000788899
52 ? 0.0246416 -0.0466465 0.0115601 0.0143506 0.0122962 0.00927815 -0.0405593 0.00764246 0.0472862 0.0117549 0.0143667 0.0166694 0.00860218 0.00397234 7.0277e-05 -0.0428622 0.00862385 -0.0396613 -0.0275012 0.0189721 0.0117849
53 ? 0.010795 -0.00095715 -0.00103406 0.00457286 0.00354808 0.00858092 -0.000957147 -0.000957095 -0.000957108 -0.00095708 -0.0163458 0.0104876 0.00372076 -0.000957052 -0.000956954 -0.00750643 -0.0311226 -0.000956951 -0.00130319 0.0274563 0.00660219
54 ? 0.0409113 -0.0173952 0.000848686 -0.0188965 0.167979 -0.000721057 -0.0273493 -0.00364503 -0.00265062 -0.057703 0.00300584 -0.000874986 -0.00181586 0.00300098 -0.0149149 -0.00246343 -0.00877045 -0.00285338 -0.0126407 -0.000267807 -0.00187201
55 ? 0.044916 -0.0114087 -0.0105546 -0.0162588 -0.0346838 -0.00534483 0.19196 -0.0124614 -0.007949 -0.0127696 0.00814832 -0.00880657 -0.0108274 0.000333606 -0.0131555 -0.0203827 -0.0170134 0.00595335 -0.00717177 -0.00921988 -0.00838705
56 ? 0.00416895 -0.0105725 0.000424807 -0.00131487 -0.0013148 -0.00131472 0.0108459 0.00192228 0.00112182 0.00118494 -0.000499242 0.00438304 0.00163676 -0.00211318 0.00124421 -0.00131395 -0.00328657 -0.000516417 -0.0067703 0.00338619 0.00286659
57 ? 0.0237769 -0.0166567 0.0143965 -0.0099145 0.013742 -0.0150102 -0.0148236 0.00701218 0.000837259 0.0112036 0.046973 0.00851689 0.0146723 -0.0128865 0.0496939 -0.0464133 -0.0207353 -0.0168018 -0.0397568 0.0122942 0.013657
58 ? 0.0244004 -0.0363257 -0.0211145 0.00998357 0.0181774 0.0474338 -0.0169168 -0.000589697 -0.0049478 -0.0143358 -0.0105942 0.0386618 -0.000589695 -0.0145022 0.0211664 -0.00959915 -0.00433648 -0.0307214 -0.0205878 -0.0064712 0.0562095
59 ? 0.0331945 -0.00480882 0.00326673 0.0024092 -0.0575786 0.00373415 -0.00853222 0.00200755 -0.00900281 0.126089 -0.00749624 0.000162161 -0.030942 -0.00598104 -0.0133575 0.026582 -0.00854838 -0.0238415 -0.00202642 0.0047769 0.00308776
60 ? 0.0131382 0.000283487 0.00268853 -0.000290406 -0.000290411 -0.000361718 0.000894194 -0.0094108 0.0398948 -0.00807879 0.0315154 -0.00116588 -0.000290407 -0.000290409 -0.00757189 -0.00857293 -0.0193968 -0.00623627 -0.011623 -0.00410251 0.00240582
61 ? 0.0440885 -0.00145785 -0.009314 -0.00850507 -0.00835649 -0.00425609 -0.0133579 -0.0136551 -0.00595691 -0.0108018 -0.00344201 -0.00608762 -0.00873821 -0.0122993 -0.0280801 0.189374 -0.0153883 -0.00282444 -0.000606662 -0.0299563 -0.00629005
62 ? 0.0324698 0.00289311 0.00916431 0.00779589 -0.000358758 0.0102358 0.00419022 0.00719345 -0.110026 -0.0160431 -0.0199791 0.0832435 -0.000358331 0.00324605 0.00654563 -0.000358837 -9.99971e-05 -0.0234614 0.0160003 0.0113005 0.00887708
63 ? 0.0225339 -0.00296418 0.00576694 0.00553758 0.00477497 -0.00947476 -0.00280944 -0.00165798 0.0359771 0.00421382 0.0673411 0.000901331 0.00135407 -0.00016302 0.00177605 -0.0248899 -0.0101522 -0.0364443 -0.0449428 -0.000162886 0.00601846
64 ? 0.0591603 -0.020839 -0.0151854 -0.00264908 -0.00482358 0.235923 -0.00281952 -0.00267039 -0.0182622 -0.000327275 -0.111303 0.00205462 -0.00373114 -0.0108984 -0.0037623 -0.000327273 -0.000327275 -0.00702002 -0.0237135 0.00244055 -0.0117582
65 ? 0.0747904 -0.010552 0.00188293 -0.000399824 -0.0426239 0.00153448 -0.0134937 0.00110216 -0.00747907 0.315583 -0.0269878 -0.00114069 -0.0503914 -0.0170824 -0.0148574 -0.0595752 -0.0148078 -0.0488898 -0.0128169 -0.000182132 0.00117703
66 ? 0.0857082 -0.0607879 -0.000472047 0.364232 -0.0411186 -0.00050294 -0.052875 -0.0150032 -0.00540489 -0.00320498 -0.0232227 0.00211791 -0.0526186 -0.0178487 -0.00312939 -0.0015173 -0.0180912 -0.0176908 -0.0266214 0.00220325 -0.0284436
67 ? 0.149254 -0.0783565 0.00220335 0.639736 -0.0741712 0.00291696 -0.0542309 -0.0421619 -0.00960143 -0.0266354 -0.0176705 0.00986897 -0.0755675 -0.0558719 -0.00188331 -0.0282462 -0.0497431 -0.0596042 -0.0500576 -0.0107859 -0.0201374
68 ? 0.032626 -0.0164216 -0.0249815 -0.000729081 -0.000728539 0.0476038 -0.000729274 -0.00566749 -0.000729259 -0.000729214 -0.000729393 0.0432327 -0.000729396 -0.000729397 -0.000729291 -0.0725587 -0.0144876 -0.0542304 -0.0147394 0.0430941 0.0757189
69 ? 0.00747719 -0.0169317 0.00548829 0.005306 -0.00135976 0.00574404 -0.00135969 -0.00135988 -0.00135957 0.00574071 -0.00135994 0.00707928 0.00424498 0.00604801 -0.00135953 -0.00135953 -0.00135953 -0.0223651 -0.00212884 0.00754961 0.00510212
70 ? 0.0192522 -0.0279216 -0.00842534 0.0011389 0.00104024 -0.0254218 -0.0035436 0.00122561 -0.00127771 0.000237932 -0.013866 0.00383403 0.000375956 -0.00563445 0.000766132 -0.00981189 0.0700081 0.0242037 -0.00190224 0.00291938 -0.0079454
71 ? 0.0198981 -0.050271 0.00837611 0.0108513 0.00881803 0.000496651 -0.0182563 0.0119833 0.0016105 0.00959765 -0.0176869 0.0153907 0.00943935 -0.019182 0.0118696 -0.040447 0.0141192 0.0349167 -0.0117901 0.0122737 0.00789058
72 ? 0.0159688 -0.010179 0.00449185 0.00278227 0.00270186 0.000348648 -0.00217791 -0.0101432 -0.000361284 0.00234796 -0.000361283 0.00163697 0.0036253 0.0594287 -0.00267116 -0.0259955 -0.0174542 -0.0161545 -0.000382225 0.00701075 0.00150603
73 ? 0.0145429 -0.00294745 0.00334188 -0.000396739 -0.000396722 -0.00352622 -0.000396747 -0.00039674 0.00222742 -0.000396759 -0.0257934 0.00487344 -0.000396765 0.0532066 -0.000396787 -0.00197818 -0.0250411 -0.00480076 0.00413562 -0.000396778 -0.000523832
74 ? 0.045538 -0.000693529 0.00361091 0.00224943 -0.0449253 0.00449504 -0.000361992 0.00187034 -0.00485662 0.179025 -0.00098107 0.000845481 -0.0488968 -0.00142183 -0.0118394 -0.0668767 -0.00469387 -0.0164433 0.0013175 0.00525878 0.00331806
75 ? 0.0279865 -0.00306839 0.116731 -0.00263138 -0.000675564 -0.0088703 -0.0106923 -0.00273411 -0.00207382 -0.000278383 -0.00173285 7.85122e-05 -0.00282788 -0.00344108 -0.000278383 -0.0184811 -0.0294476 -0.00340317 -0.000579905 -0.0238859 -0.00170763
76 ? 0.0241817 0.00149296 0.00534347 0.00389002 -0.0416787 0.00634346 -0.00050425 0.00351675 -0.00591266 0.0721823 0.00201504 0.00344366 -0.0404419 0.00353273 -0.0129795 0.0316231 -0.00659473 -0.0406751 0.00368164 0.00666166 0.00506006
77 ? 0.00631081 0.00348517 -0.00416717 0.000134945 -0.000783205 0.0176174 0.00257074 0.000992874 -0.00971321 0.00116429 -0.0160321 0.00338111 0.000717117 0.00452479 0.000971763 0.00160679 -0.00140018 -0.000799345 -0.00140018 0.00361669 -0.00648831
78 ? 0.0729588 -0.0365665 -0.00164273 -0.0325958 0.30952 -0.000637369 -0.0599537 -0.00265297 -0.00508704 -0.0390109 -0.0190614 0.0012956 -0.00283251 -0.000511838 -0.0172569 -0.0253495 -0.0157408 -0.015534 -0.0360076 0.00152486 -0.00189874
79 ? 0.0441942 -0.0210278 -0.00277442 -0.00423307 -0.00443257 -0.00155836 -0.00318778 -0.0119625 -0.00400763 -0.00513362 -0.0180733 -0.00161574 -0.00474264 0.186925 -0.0119778 -0.0227527 -0.0456997 -0.0179533 -0.00147852 -0.00147978 -0.00283389
80 ? 0.0295157 0.0307332 0.0141866 0.0135114 0.0108163 0.0158964 -0.00671833 0.0101869 0.00974302 0.013025 -0.0312815 0.0196222 0.0140086 0.0513315 -0.00546799 -0.0589766 -0.0525626 -0.0619672 -0.0202521 0.0195892 0.0145761
81 ? 0.0100558 -0.0128217 0.017586 -0.000517591 -0.000517591 0.00119844 -0.00434432 -0.000517594 0.028396 -0.00235404 -0.00167991 0.0168425 -0.000517584 -0.0147384 -0.000517597 -0.00491223 -0.00188393 -0.00514412 -0.0125213 -0.000517592 -0.000517585
82 ? 0.0198727 -0.00569485 -0.0161345 -0.000856265 0.0120534 0.0422464 0.0056665 0.0122784 -0.0117036 -0.00085627 -0.067922 0.018659 -0.000856265 -0.000856279 -0.000856263 -0.0008563 -0.00085639 0.00296852 -0.00171948 0.0190579 -0.00376168
83 ? 0.00819671 0.00976337 0.000370295 -0.0207947 -0.0011954 -0.00608458 0.0108639 -0.00473419 -0.00334732 -0.0123762 0.0134513 -0.00115773 -0.00183919 0.000761533 -0.00183893 0.000616864 0.00466293 0.0131756 0.007199 -0.00566001 -0.00183653
84 ? 0.0228477 -0.0210039 0.0120553 0.0116837 -0.000289493 -0.000289491 -0.0016029 -0.000289557 0.00706682 -0.000289489 -0.0694494 0.0148163 0.012531 0.0531989 0.00227564 -0.000289658 -0.00361249 -0.0347698 -0.00784902 0.0146237 0.011484
85 ? 0.00974688 -0.0125138 0.00524818 -0.000850711 0.00389635 0.00526435 -0.000850711 -0.000850711 -0.000850711 -0.000850711 -0.000850711 0.00887958 0.0288991 -0.000850711 -0.000850551 -0.00761385 -0.0234867 -0.000849681 -0.0084647 0.0083973 -0.00085071
86 ? 0.0217365 -0.0120193 -0.00871966 -0.00968844 -0.000424572 -0.00471612 -0.000424499 -0.00324616 -0.0133152 -0.0144374 -0.00109555 -0.0175915 0.00114721 0.000303417 -0.000475686 0.00503896 -0.0130029 0.0096078 0.089841 -1.31435e-05 -0.00676838
87 ? 0.014297 -0.000933142 -0.000933358 -0.000933337 0.00745983 0.00696567 -0.00674831 -0.0381377 0.00368419 0.00589754 -0.0265867 0.0156031 -0.000933435 -0.000932879 0.00684775 -0.000933315 -0.00093344 -0.0121539 -0.00409776 0.0159833 0.0318159
88 ? 0.0355106 -0.0294967 0.0148009 0.0132697 0.0121728 0.0155544 -0.00226041 0.00605737 0.0100317 0.0137932 -0.0623668 0.0187902 0.0140857 0.0995031 0.000226999 -0.0489275 -0.0598461 -0.048498 -0.000167087 0.018741 0.0145355
89 ? 0.0355804 -0.0124961 -0.00207187 0.000176749 0.000180538 -0.00151372 0.000560804 0.000133094 -3.89154e-05 -0.000505187 -0.0467416 0.00253372 0.000751821 -0.0574593 -0.000319953 -0.0030032 0.139424 -0.0130693 0.00187672 -0.00572278 -0.00269545
90 ? 0.00891078 -0.0235563 0.00609133 -0.00079008 -0.000790056 -0.000790004 0.0190119 -0.00079006 0.00738936 -0.000790077 -0.000790094 0.0136485 -0.000789967 -0.00327577 -0.000789958 -0.000790253 -0.00859759 -0.000790253 -0.0132607 -0.000790128 0.01124
91 ? 0.0308685 -0.0402028 0.00531007 0.00441466 0.00454083 0.00610946 -0.00367715 0.00450111 -0.0179492 -0.0101174 -0.00794476 0.00571601 -0.00133589 -0.0261802 0.00410373 -0.0216744 -0.036702 0.119018 -0.00138121 0.00790372 0.00554716
92 ? 0.0139785 -0.0139072 -0.00302637 -0.00899034 -0.000446339 -0.00157826 -0.000446347 0.000453839 -0.0128316 -0.000446263 -0.00599388 -0.000446306 0.0011623 -0.000343833 -8.5859e-05 0.00435092 -0.0106994 -0.000293051 0.0572343 -0.00060409 -0.00306226
93 ? 0.00489444 -0.00132731 0.0193188 -0.00119875 -0.00266991 -0.00629414 -0.0012132 -0.00290524 -0.00199802 -0.000677859 0.00223618 0.000568309 -0.0034861 0.000955851 -0.00287577 -0.000757134 -0.000757134 0.00331675 0.0012781 -0.000756727 -0.000756727
94 ? 0.0096571 -0.00327666 0.00187909 0.00100895 0.000225344 -0.00199743 -0.000448726 -0.00915632 -0.00459328 -0.000448719 0.0390911 -0.00290236 0.000340417 -0.000448861 -0.000448852 -0.000448831 -0.0100305 -0.00298443 -0.00926575 0.00232382 0.00158201
95 ? 0.0175138 -0.0142592 -0.0113042 -0.000687054 -0.00291956 -0.000687086 -0.000687049 -0.000687002 -0.00395563 0.0728567 -0.0080509 -0.000686968 -0.00235417 -0.000687336 -0.00230586 -0.000687018 0.00555337 -0.0157632 -0.0012831 -0.000890039 -0.0105147
96 ? 0.0324339 -0.000327841 0.00379519 0.00263647 -0.000327841 -0.00526416 -0.000605991 -0.00224953 0.0121328 -0.00556721 0.1212 -0.00444018 -0.0277584 -0.000327841 0.00177264 -0.00754331 -0.0108594 -0.0697068 -0.0157145 0.00511981 0.00403595
97 ? 0.0301256 -0.00254386 0.0085043 0.00848118 0.00795815 0.0707586 -0.00200608 0.00630186 -0.00640286 0.00775834 0.0566921 0.00386289 0.00861358 -0.059005 -0.00233142 -0.0609223 -0.0127126 -0.00805688 -0.0434086 0.0103212 0.00813745
98 ? 0.0282196 0.00889929 0.00191462 0.083102 0.00648507 0.00292821 -0.0346352 -0.0084026 0.000819301 -0.0615078 0.000584115 0.00304523 -0.0220535 -0.00168667 -0.0158043 -0.00328929 0.0540142 -0.00171554 -0.0108565 0.00319692 -0.00503762
99 ? 0.043281 -0.0663368 0.0126284 -0.00159432 0.130476 0.0125167 -0.0404041 0.0749797 0.00669776 -0.0580195 -0.0270083 0.0175167 0.0111688 -0.013907 0.00378169 -0.0488138 -0.0089854 -0.00590769 -0.0275155 0.0174495 0.0112765
100 ? 0.0320191 -0.0613718 0.00961342 0.00955152 0.0950925 0.00940355 -0.0600793 -0.015812 0.000306618 0.00358572 0.0189897 0.0122012 0.0348166 -0.0104091 0.00682643 -0.0314624 -0.0182104 -0.0113662 0.000295538 0.0137906 -0.00576211
101 ? 0.0587242 -0.0072522 -0.000986549 -0.0022627 -0.0279818 -0.000231969 -0.00661662 -0.00264504 -0.00877361 0.247261 -0.00853988 -0.0070297 -0.0408488 -0.00804231 -0.0217399 -0.0599769 -0.0107981 -0.0282044 -0.00481157 0.000754005 -0.00127335
102 ? 0.0277192 -0.00790874 0.0013866 0.0887392 0.019918 0.00310491 -0.0534671 -0.0187137 0.00294604 -0.00184155 0.0133098 0.00151044 -0.055951 0.010403 0.00261144 0.0101985 -0.0034858 0.00569523 -0.00750455 0.00196428 -0.0129149
103 ? 0.00723457 -0.000820419 0.00794867 0.00479772 0.00707876 -0.00224517 -0.000820067 -0.0195336 -0.00118189 0.00978529 0.0101794 -0.00394249 -0.000817906 -0.000817905 -0.000817905 -0.000817904 -0.000527944 -0.000817874 -0.000817874 0.0090327 -0.0148435
104 ? 0.0144257 -0.0120167 -0.00406493 -0.00263435 0.00666275 -0.000418216 0.0109065 -0.00041812 0.0105469 0.00761193 0.00506873 0.0126749 -0.000418119 -0.000418119 -0.0125847 -0.000294746 -0.025224 -0.0297202 0.041852 -0.00669329 -0.000418119
105 ? 0.0133404 -0.0198521 0.003615 -0.000345266 0.00280209 -0.000345244 -0.00661425 -0.000345241 -0.000215219 -0.000345222 -0.000345294 0.00524786 -0.00034518 0.0261021 -0.000602998 -0.0188417 -0.0202183 0.0398499 -0.00560773 -0.00244534 -0.00114784
106 ? 0.00873683 0.0233013 0.00145288 -0.00342375 -0.0114176 -0.000359813 -0.00751559 -0.000359831 -0.000191161 -0.000359842 -0.00271507 -0.000359841 -0.000359881 -0.0149824 -0.000293173 -0.000359873 0.0205762 0.00694323 -0.0088559 -0.000359876 -0.000359885
107 ? 0.0270491 0.00357878 -0.00289728 -0.00503687 -0.00539968 -0.0112122 0.00430696 -0.00686909 0.0926693 -0.00326623 -0.00180829 -0.0161188 -0.0277004 0.0116158 -0.00736071 0.0096113 -0.0216684 -0.0506708 0.0376266 0.00147801 -0.000878041
108 ? 0.0279709 -0.034906 0.0141207 0.0140552 0.0131699 0.0137516 -0.0054571 0.0149699 -0.0450023 0.00318996 -0.0248105 0.0135814 0.00550609 -0.0653049 0.0136693 -0.0443063 0.0340959 0.0494723 -0.00159872 0.0188086 0.012995
109 ? 0.014161 -0.00178193 0.00161448 0.00197961 0.00212016 -0.00472977 9.33529e-05 -0.000240703 0.0475953 -0.000341395 0.0153842 -0.00435623 -0.000341395 9.19425e-05 -0.000940372 -0.00494612 -0.00826733 -0.0342302 -0.0132565 0.00309013 0.00146271
110 ? 0.0197387 -0.00603039 0.00760152 0.00759315 -0.0320641 0.00736953 -0.0167544 0.0071514 -0.00293592 0.0717527 -0.0144392 0.00421189 -0.017484 -0.00451637 -0.00626908 0.0012069 -0.00492016 -0.0176988 -0.000221915 0.00951517 0.00693205
111 ? 0.0301091 0.0100124 -0.000720581 -0.00351799 -0.0171212 0.00182385 0.0094601 -0.0466069 0.000126274 -0.0359508 0.00751846 -0.00112685 -0.00481726 -0.00824809 0.111467 -0.0375428 -0.000710599 0.00841724 0.0104181 -0.00124504 -0.00163476
112 ? 0.0225424 0.0048624 -0.0065068 -0.00305068 0.000155018 -0.0123484 0.00989162 -0.0112254 0.029907 -0.00929441 0.0629625 -0.0198273 -0.02447 0.0130067 -0.0105023 0.0125772 -0.0243516 -0.043908 0.0283498 0.000279862 0.00349271
113 ? 0.0103938 -0.00671863 0.00661207 -0.000275656 -0.000275656 -0.0142716 -0.00559925 -0.000275656 -6.86976e-05 -0.000275656 0.0319845 0.00397461 0.000489157 -0.00164576 -0.00881016 -0.00257502 -0.0108965 0.0192224 -0.0130836 -0.00364935 0.00613845
114 ? 0.0260797 0.00234958 0.00416983 0.00477106 0.00416293 -0.0230621 0.0021019 0.000893255 0.0414423 0.00325397 0.0376981 0.00176296 0.00289236 -0.0384324 -0.000654776 -0.0190379 -0.0573111 -0.000913894 -0.0320747 0.0604803 0.00550829
115 ? 0.0157416 -0.00932132 -0.0105267 -0.00132435 -0.00206871 -0.00128984 -0.00577687 -0.0012969 -0.00121321 -0.00108384 -0.00123758 -0.00387666 -0.00136484 -0.0107172 -0.00136486 0.017517 -0.0151547 0.0627515 -0.00130326 -0.0013522 -0.00999544
116 ? 0.040457 -0.00588472 -0.00396726 -0.00532324 -0.0050583 -0.0107036 -0.0039743 -0.00618734 0.172743 -0.00029268 -0.0237801 -0.01645 -0.0002927 -0.000292686 -0.00596183 -0.0140054 -0.0182395 -0.0278192 -0.0208885 -0.000292526 -0.00332955
117 ? 0.029555 -0.00956634 0.0097186 0.00823147 -0.0114698 0.00977815 -0.00504712 -0.0246873 0.00459641 -0.0299255 -0.0339592 0.0132815 0.00932328 0.00505978 0.0891194 -0.0693684 0.0291095 -0.00950393 -0.00696886 0.0129716 0.00930648
118 ? 0.0281681 0.0364851 0.00674291 0.0817862 0.0275469 0.00711397 -0.0487114 -0.000448758 0.00347667 -0.0606358 -0.00692793 0.00886847 -0.00665917 -0.00716733 -0.0102319 -0.010284 -0.00699409 -0.00669606 -0.0179434 0.00897198 0.00170771
119 ? 0.014214 -0.000488867 -0.00216721 0.00406882 0.0500027 -0.0134778 0.00102706 -0.0135021 -0.018106 -0.000488867 0.0117605 -0.00291593 -0.00602515 -0.000488077 0.0174132 -0.000408812 -0.0177155 -0.000488068 -0.0032083 -0.00110423 -0.0036874
120 ? 0.0121438 0.0032377 -0.00263737 0.00113946 0.000325859 -0.00510162 0.00537738 -0.000517231 -0.010977 -0.000169757 0.0469544 -0.00498355 0.000109697 -0.000572495 -0.0214872 -0.00160651 0.00129485 0.00177131 -0.00261956 -0.0034374 -0.00610098
121 ? 0.0263021 -0.00162172 0.0522512 -0.0534896 0.00844145 0.00845793 -0.00221812 -0.0193724 -0.0110695 -0.0526163 -0.0120822 0.0117722 0.0550383 -0.00336224 0.00817592 -0.0102779 -0.023183 0.0247324 0.00204344 0.0112172 0.00716302
122 ? 0.0214087 -0.0275633 0.00167097 -0.0177684 0.0535177 0.00247585 -0.031909 0.0445742 -0.00163513 0.037478 -0.00669837 0.00311019 -0.00365194 -0.000138882 -0.00973574 -0.0156863 -0.00803475 -0.00629289 -0.0167651 0.00341632 -0.000363363
123 ? 0.0169975 -0.0146008 -0.00896883 -0.00125641 -0.00125674 -0.00125673 -0.00125627 -0.0012565 -0.00965184 -0.00125609 -0.00125676 -0.00125639 -0.00125663 -0.00482456 -0.00125676 -0.00125676 0.0720435 -0.00125043 -0.00803187 -0.00125043 -0.00964267
124 ? 0.0133069 -0.00542918 0.000680625 -0.000453244 -0.000453223 0.0312248 -0.00446685 -0.0160002 0.0164759 -0.000453268 -0.000453197 0.00169328 0.0244156 -0.00502433 -0.000453183 -0.00236526 -0.0362985 -0.000453255 -0.000453144 0.00353732 -0.00527068
125 ? 0.0285622 -0.0188626 0.0170274 0.0144571 0.0134648 0.00828633 -0.000272139 -0.000902402 0.0603876 -0.00568713 -0.0842832 0.00508532 0.00217925 -0.0134812 0.0156888 -0.00294268 -0.0563502 0.014604 0.0103743 0.0215471 -0.000320502
126 ? 0.0293556 -0.0212194 0.0128661 0.00577572 0.0422822 0.0122003 -0.0202337 -0.0473574 0.00407331 -0.00369653 -0.0479404 0.0166874 0.0591129 0.0138132 0.0205042 -0.0444892 0.0258792 -0.0441867 -0.0140265 0.0193189 0.0106365
127 ? 0.0347498 -0.032206 -0.000449529 0.143167 -0.0134202 -0.00693875 -0.0225485 -0.0031316 -0.000449549 -0.000449583 -0.000449581 -0.000449583 -0.0415014 -0.000449596 -0.000449581 -0.000449599 -0.00864786 -0.00817632 -0.000449604 -0.000449597 -0.00210066
128 ? 0.0156215 -0.00866191 0.00181632 0.00109161 0.000504127 -0.000386935 -0.00182335 -0.000386948 0.000168931 0.000477161 -0.000387029 0.0029327 0.000878099 0.0614897 -0.0205059 -0.0123773 -0.0148402 -0.0141799 -0.000386945 0.00294605 0.00163169
129 ? 0.0124638 -0.00909058 -0.00541178 -0.0173815 -0.00133707 -0.00133574 -0.0249196 0.0128615 0.0219372 0.00115054 -0.00131891 0.00372651 0.00214898 -0.00496919 0.00485892 -0.00133436 -0.0256563 0.0153921 0.0168393 0.0130656 0.000774338
130 ? 0.0288448 -0.00631022 0.0101799 0.00772418 -0.0387685 0.00987657 -0.000224262 0.029902 0.00517405 -0.00208725 -0.0290684 0.0136637 0.00909007 -0.000224262 0.0768706 -0.0799999 -0.00699783 -0.0107015 -0.00900291 0.013987 0.00691696
131 ? 0.0471324 0.202638 -0.00971198 -0.0122086 -0.0214058 0.000292148 -0.0126096 -0.013255 -0.00133893 -0.0134381 0.00102849 -0.00737138 -0.0128828 -0.0132926 -0.0137058 0.00252749 -0.02347 -0.025091 -0.0165479 -5.59768e-05 -0.0101004
132 ? 0.0438852 -0.0168713 -0.00262189 -0.0266536 0.187088 -0.00116726 -0.0289161 -0.00457026 -0.00327936 -0.0285821 -0.00390234 -0.00160622 -0.00462353 -0.0041697 -0.0193592 -0.00804115 -0.00942364 -0.00528619 -0.0144181 -0.000963387 -0.00263219
133 ? 0.0101384 0.019861 0.00472806 -0.00571076 -0.000459273 0.00266413 -0.0188027 0.00373573 -0.00104826 0.00540128 0.0259619 -0.000459269 -0.000459271 -0.0127338 -0.002093 -0.00599859 -0.00632434 -0.0158621 0.00404607 -0.000459268 0.00401254
134 ? 0.0214544 -0.00398439 -0.0534421 -0.0215062 0.00567798 0.00364783 -0.00620458 -0.00034535 0.00259545 0.00507021 0.0588612 0.00909182 -0.0177989 -0.00874697 0.00435896 -0.000336626 -0.0125962 -0.00907244 -0.00280397 0.00933719 0.0381971
135 ? 0.0335974 -0.00242643 0.0176398 0.0137905 0.0129727 0.0175224 -0.0155065 0.0116198 -0.00390496 0.00997496 -0.076221 0.0144235 0.00868979 0.00395696 0.0516368 -0.0741007 -0.0687232 0.0020672 0.0347461 0.0245959 0.0172464
136 ? 0.0270203 -0.000555211 0.000112295 -0.00261225 -0.00243582 -0.00896628 0.00562925 -0.00173981 0.099778 -0.00444613 -0.0137374 -0.0152557 -0.0223562 0.00599708 -0.0033725 0.000632654 -0.0211574 -0.0461962 0.03077 0.000593655 -0.000681949
137 ? 0.00635727 -0.000659658 -0.0096928 -0.000659697 -0.00065965 0.0163986 -0.000659683 -0.00922914 -0.00230833 -0.00601846 0.0121285 -0.00363392 -0.000659718 -0.000659647 -0.00619114 -0.000659633 -0.000659723 0.00684387 -0.000659554 -0.000659694 0.00829948
138 ? 0.0300348 -0.0138742 0.0177742 0.00730003 0.00768007 -0.0102248 -0.0359297 0.00758236 0.00241179 0.00677556 -0.0266047 0.015919 0.0530134 -0.00018911 0.00892595 -0.0769464 0.00964442 -0.0404097 -0.0103271 0.064334 0.013145
139 ? 0.0325094 -0.00702669 0.00951688 0.00833663 -0.00702012 0.00619357 -0.00692732 -0.0681323 0.00143781 -0.0120844 -0.00633987 0.0118023 0.00827208 -0.0185529 0.0768879 -0.0581751 -0.0251377 -0.00671866 0.0721069 0.0123461 0.00921483
140 ? 0.0316176 0.0300964 0.0065746 -0.0146078 0.00621024 0.00962121 -0.00261913 -0.00604152 0.0208422 -0.0381588 -0.000272253 0.0120122 0.0648857 -0.00950048 0.00696091 -0.0165538 -0.103685 -0.00430859 0.0323281 0.0121977 -0.00598225
141 ? 0.0208216 0.000376889 0.0020449 0.0524223 -7.02992e-05 0.00314786 -0.0218718 0.000230987 -0.0077093 0.0584117 -0.012992 -0.00141055 0.00020233 -0.0117623 -0.00340689 0.00632142 -0.0295904 -0.0255913 -0.00620147 -0.00485849 0.00230631
142 ? 0.0236945 0.0493233 0.00678847 -0.000796916 -0.0408973 0.00417767 -0.0531188 0.00533546 -0.0189762 0.00467089 0.0251716 0.0275027 0.00532779 0.0259128 0.00379212 -0.00838094 -0.006269 -0.00636709 -0.0381896 0.00845838 0.00653474
143 ? 0.033953 -0.0205121 0.0204253 0.0421945 0.072212 0.0166439 -0.0499569 0.0139077 0.0064646 -0.0568 -0.012916 0.0305493 0.0180375 0.0143574 2.22676e-05 -0.014154 -0.0602588 -0.0260848 -0.0408323 0.0299809 0.0167195
144 ? 0.0127672 0.0206378 -0.000750197 -0.000933415 -0.00125502 -0.0425196 -0.0148008 -0.00125502 -0.00143439 -0.000887603 -0.00124348 0.0019367 -0.00125466 -0.00954568 0.00526406 0.0187356 0.00303196 0.002939 -0.00125116 0.0131165 0.0114693
145 ? 0.0254356 -0.0261221 0.00964445 0.0353521 0.0416183 0.00923693 -0.01311 0.00581343 0.00503312 -0.0426616 0.023124 0.0128066 0.00475229 0.0329104 -0.00625479 -0.0214179 -0.0180925 -0.0100833 -0.0638657 0.0127295 0.00858668
146 ? 0.0458184 0.0234717 0.00909707 0.00695497 -0.0187051 0.00679501 -0.0198382 0.00856278 -0.00144757 0.174851 -0.000339287 -0.000702446 -0.0234801 -0.000132739 -0.0035254 -0.0726142 -0.0176679 -0.0549976 -0.0248394 -0.000132867 0.00869042
147 ? 0.0216362 -0.00471097 0.00603307 -0.000189326 0.0077645 -0.00229722 -0.00958476 0.00399269 -0.00741106 -0.00751208 0.0116253 -0.0765783 0.00631544 -0.00274603 0.00121354 0.044694 -0.0160715 0.0180941 0.0179147 0.00141021 0.00804371
148 ? 0.0202962 -0.0175103 0.00486789 -0.000618599 -0.000618597 -0.000618569 -0.00502793 -0.000618611 -0.00772679 -0.000618295 -0.0503208 -0.000618616 -0.000618573 -0.0126746 0.00388145 -0.000618166 -0.00478407 0.0692764 0.0155716 0.0060624 0.00333286
149 ? 0.0182929 -0.00690657 -0.0135891 0.00148657 -0.00822796 0.00307952 0.0453646 -0.00426805 -0.00114332 0.0529442 -0.0210697 0.00075998 -0.00680432 -0.00850175 -0.0174508 0.0135369 -0.0146859 -0.0147251 -0.00319941 0.00102908 0.00237121
150 ? 0.111608 -0.0580513 -0.00300342 0.0330503 -0.0198687 -0.00033935 -0.0577583 -0.00766226 -0.0408387 0.0203351 -0.0281107 0.00435345 -0.016606 -0.0317798 -0.0208445 -0.0641546 -0.0616249 -0.0553917 -0.057726 0.471081 -0.00506004
151 ? 0.0289045 0.00865028 0.0229462 0.0109326 0.0530877 0.022808 -0.04896 -0.018059 0.00337864 -0.0411939 -0.0750688 0.0378044 0.0239582 -0.000524376 0.0093237 0.000282307 -0.00820679 -0.0171506 0.00122879 0.0041647 0.010598
152 ? 0.0162892 0.00768655 -0.00367561 0.0101689 0.0132736 -0.000456625 -0.00994316 -0.000690952 -0.00747443 -0.000634333 0.00594318 -0.0109312 -0.00526565 -0.000696742 0.0561565 0.0155792 -0.0169522 -0.0221105 -0.0172892 -0.0119922 -0.000695113
153 ? 0.0324508 -0.0388247 0.0141046 0.0138481 -0.00863618 0.0142885 0.0461995 0.0134962 0.00202988 0.0147033 -0.0684099 0.0158285 -0.0603119 0.0388607 -0.00904056 -0.0284504 -0.0157594 -0.034553 0.0584698 0.0162735 0.0158834
154 ? 0.0210567 0.0169901 0.00796261 0.00689609 -0.0359934 0.00355751 0.0428444 0.00514423 -0.00201343 -0.0152998 -0.0241728 -0.00122493 -0.051373 -0.000169374 0.0355704 -2.17978e-05 -0.00854624 0.0141993 -0.0118748 0.0090184 0.00850643
155 ? 0.211757 -0.0754175 -0.0849307 -0.0615914 -0.073254 -0.0574622 -0.0195644 -0.0598363 -0.0452336 -0.0171966 -0.0620578 0.915101 -0.0291354 -5.90874e-05 -0.0609668 -0.0359163 -0.0732784 -0.00346618 -0.0912297 0.00127443 -0.0657787
156 ? 0.0598272 -0.0667894 0.0173844 -0.0421718 0.0126032 0.0162615 -0.00574814 0.0234583 0.0104401 -0.0102474 -0.0200341 0.0299825 -0.00906254 -0.0563155 0.0214597 -0.0758893 0.215351 -0.0606655 -0.0440354 0.028567 0.0154516
157 ? 0.0238947 0.00850377 0.0132501 0.00752062 0.00747691 0.0144985 0.0214702 0.00700808 0.0062191 0.00887415 -0.0242819 0.0203863 0.0142699 0.00120453 0.00448204 0.0109863 -0.060729 -0.0438968 -0.0514732 0.020253 0.0139775
158 ? 0.0516128 -0.0240872 0.0586283 -0.000155224 0.178593 -0.00164293 -0.0160171 0.0144681 -0.00519963 0.00554778 -0.0500423 0.0268539 0.0190622 -0.0619721 -0.0072532 -0.0429577 -0.0722593 0.00144066 -0.0432774 0.0203641 -9.3986e-05
