# The entries are half the absolute sum of the differential preferences for each site.
# This quantity can range from 0 to 1.
#
# SITE	HALF_ABSOLUTE_SUM_DIFFPREFS
155	0.916375
67	0.654725
150	0.52882
29	0.453937
31	0.44332
156	0.390959
66	0.368553
158	0.324958
65	0.32128
49	0.31989
78	0.31234
99	0.298492
143	0.281515
39	0.270711
15	0.26892
153	0.263986
42	0.263978
4	0.256687
30	0.252854
88	0.251563
101	0.248015
126	0.24315
135	0.240883
64	0.240418
146	0.238423
80	0.237226
108	0.221386
40	0.221259
139	0.216115
138	0.214506
100	0.214473
68	0.20965
151	0.209164
10	0.207293
131	0.206486
55	0.206395
7	0.205297
74	0.20199
140	0.201729
145	0.201608
117	0.200496
6	0.198697
97	0.19739
52	0.19723
3	0.196519
32	0.194093
57	0.192999
58	0.191633
46	0.189977
61	0.189374
121	0.189293
37	0.188624
132	0.187088
79	0.186925
130	0.183385
125	0.183102
118	0.1827
157	0.180381
1	0.180027
54	0.174834
142	0.172996
50	0.172897
116	0.172743
59	0.172116
114	0.171487
62	0.170686
91	0.167165
112	0.165485
98	0.164989
44	0.163172
102	0.161787
5	0.161719
107	0.160887
111	0.159243
71	0.157633
25	0.151534
96	0.150693
154	0.15069
76	0.148787
122	0.146243
89	0.145637
11	0.144665
136	0.143513
127	0.143167
19	0.140511
84	0.139735
134	0.136838
27	0.135212
63	0.133661
147	0.127101
33	0.126954
141	0.125465
34	0.123848
110	0.123334
24	0.120731
149	0.120572
75	0.11681
48	0.11608
18	0.114662
82	0.11293
152	0.108808
86	0.105938
70	0.10575
14	0.105415
43	0.104725
148	0.102993
2	0.10262
104	0.0953236
87	0.0942573
45	0.0933697
129	0.0927549
23	0.0921084
12	0.0869607
47	0.086581
72	0.0858803
119	0.0842723
36	0.0815308
115	0.0802685
22	0.0786819
95	0.0784101
124	0.0780275
60	0.0776822
105	0.0776169
144	0.0771309
128	0.0739364
109	0.0734319
28	0.0725496
123	0.0720435
21	0.0705837
133	0.0704106
113	0.0684211
73	0.067785
16	0.0667954
53	0.0649687
81	0.064023
92	0.0632014
51	0.0609062
83	0.0608648
85	0.0605849
120	0.0602106
26	0.0589404
90	0.0573812
41	0.0550906
9	0.0540778
38	0.05369
69	0.052303
106	0.0522735
103	0.0488225
94	0.0464507
8	0.0460236
137	0.0436704
35	0.0436221
77	0.0407837
20	0.0383095
17	0.0332602
13	0.0321752
56	0.0290165
93	0.027674
