# Omega fit to each site after fixing tree and and all other parameters.
# Not using '--omegabysite_fixsyn', so we fit a synonymous rate for each site. This means we compare fitting omega and a synonymous rate to fitting just a synonymous rate.
# Fits compared to null model of omega = 1.000; P-values NOT corrected for multiple testing.
#
# site	omega	P	dLnL
67	0.001	9.06e-11	21.008
31	0.001	2.99e-09	17.596
88	0.001	4.46e-09	17.206
66	0.001	1.21e-08	16.238
78	0.001	1.45e-08	16.060
64	0.001	2.1e-08	15.701
84	0.001	2.47e-08	15.541
49	0.001	5.79e-08	14.716
65	0.001	7.08e-08	14.521
127	0.001	1.13e-07	14.068
108	0.015	1.92e-07	13.557
30	0.001	2.14e-07	13.451
91	0.001	2.59e-07	13.266
4	0.001	4.55e-07	12.723
80	0.016	4.96e-07	12.639
101	0.001	8.68e-07	12.101
125	0.027	9.84e-07	11.979
46	0.001	1e-06	11.963
42	0.001	1.24e-06	11.757
81	0.014	1.63e-06	11.495
57	0.020	2.05e-06	11.274
116	0.001	2.57e-06	11.058
23	0.001	2.97e-06	10.918
79	0.001	4.61e-06	10.495
132	0.001	4.95e-06	10.428
97	0.020	5.24e-06	10.373
72	0.001	5.38e-06	10.349
89	0.001	5.51e-06	10.326
14	0.001	5.85e-06	10.268
110	0.015	6.87e-06	10.114
130	0.016	7.69e-06	10.007
18	0.001	9.27e-06	9.829
45	0.001	1.01e-05	9.744
74	0.001	1.15e-05	9.619
3	0.001	1.54e-05	9.346
71	0.022	1.6e-05	9.306
128	0.001	1.71e-05	9.245
59	0.016	1.95e-05	9.119
58	0.011	2.19e-05	9.008
54	0.001	2.86e-05	8.753
38	0.001	3.14e-05	8.664
136	0.030	3.17e-05	8.657
75	0.001	3.35e-05	8.604
52	0.079	3.5e-05	8.562
61	0.001	3.67e-05	8.518
15	0.070	4.46e-05	8.333
44	0.001	6.42e-05	7.987
70	0.032	6.91e-05	7.917
118	0.035	6.95e-05	7.913
68	0.024	7.17e-05	7.883
37	0.022	7.33e-05	7.862
99	0.019	7.51e-05	7.838
25	0.033	7.64e-05	7.822
5	0.001	8.1e-05	7.767
40	0.024	8.52e-05	7.719
21	0.001	0.000102	7.550
7	0.045	0.000109	7.490
63	0.068	0.000109	7.485
85	0.001	0.000115	7.440
105	0.041	0.000162	7.114
139	0.048	0.000166	7.088
131	0.001	0.000173	7.053
117	0.035	0.000206	6.887
114	0.075	0.000217	6.837
35	0.001	0.000227	6.796
76	0.034	0.000303	6.525
157	0.072	0.000315	6.491
113	0.076	0.000363	6.358
92	0.001	0.000426	6.208
82	0.001	0.000526	6.011
143	0.008	0.000566	5.943
28	0.001	0.000603	5.883
87	0.001	0.000703	5.740
32	0.097	0.000706	5.737
29	0.125	0.000832	5.585
55	0.001	0.000864	5.550
94	0.001	0.000923	5.488
135	0.126	0.00097	5.442
121	0.079	0.000984	5.428
73	0.001	0.00123	5.220
51	0.001	0.00127	5.194
133	0.085	0.00136	5.127
109	0.048	0.00141	5.096
90	0.001	0.0016	4.979
43	0.001	0.00172	4.915
20	0.001	0.00179	4.877
27	0.113	0.00194	4.805
34	0.096	0.002	4.776
26	0.001	0.0021	4.731
106	0.101	0.00242	4.599
148	0.102	0.00284	4.455
77	0.001	0.00319	4.348
111	0.001	0.00341	4.287
146	0.066	0.00356	4.247
17	0.001	0.0036	4.238
11	0.052	0.00366	4.223
102	0.042	0.00395	4.154
36	0.026	0.00444	4.048
138	0.095	0.00463	4.008
19	0.066	0.00484	3.970
156	0.172	0.00498	3.943
140	0.090	0.00547	3.859
86	0.001	0.00587	3.795
24	0.001	0.00604	3.769
155	0.109	0.00622	3.742
104	0.153	0.00985	3.331
8	0.001	0.0107	3.254
33	0.001	0.0109	3.242
134	0.093	0.0119	3.161
126	0.134	0.012	3.156
147	0.167	0.0158	2.914
145	0.118	0.0163	2.886
149	0.103	0.0187	2.766
48	0.078	0.0198	2.716
13	0.001	0.0225	2.602
50	0.217	0.0241	2.545
60	0.097	0.0245	2.528
120	0.001	0.0259	2.483
9	0.001	0.0273	2.436
10	0.223	0.0317	2.308
47	0.122	0.032	2.299
153	0.171	0.0341	2.245
6	0.227	0.0402	2.105
96	0.204	0.0462	1.988
122	0.157	0.0484	1.949
124	0.170	0.0534	1.866
56	0.001	0.0549	1.843
2	0.218	0.0601	1.767
69	0.001	0.0614	1.750
151	0.167	0.0641	1.714
107	0.112	0.0643	1.712
12	0.001	0.0803	1.529
22	0.211	0.0974	1.374
144	0.206	0.0986	1.364
95	0.280	0.118	1.219
100	0.186	0.123	1.187
93	0.001	0.136	1.110
98	0.218	0.147	1.050
119	0.298	0.157	1.000
158	0.431	0.158	0.995
141	0.359	0.24	0.689
154	0.412	0.25	0.662
112	0.367	0.338	0.460
142	0.543	0.355	0.428
83	0.001	0.358	0.422
150	0.554	0.371	0.400
39	0.002	0.374	0.395
123	0.325	0.382	0.383
152	0.523	0.41	0.340
129	0.480	0.479	0.250
137	0.617	0.713	0.068
103	99.000	0.776	0.041
62	99.000	0.905	0.007
53	5.461	0.962	0.001
115	0.963	0.972	0.001
16	0.001	0.975	0.000
41	0.641	0.989	0.000
1	0.340	1	0.000